5000.000000000019 2.9922915e-17
5004.66893053056 3.0959004999999996e-17
5009.33786106111 3.01132e-17
5014.006791591661 3.2539675e-17
5018.675722122209 3.1357135e-17
5023.34465265276 2.9315255e-17
5028.0135831833 2.8154665e-17
5032.68251371385 2.7017559999999998e-17
5037.3514442444 2.887162e-17
5042.02037477495 2.926767e-17
5046.6893053055 2.5529215e-17
5051.358235836039 2.9298695e-17
5056.027166366589 3.366425e-17
5060.69609689714 3.2516724999999994e-17
5065.36502742769 3.4933785e-17
5070.03395795824 3.170545999999999e-17
5074.70288848879 2.8392115e-17
5079.371819019329 3.146381e-17
5084.040749549879 2.9861084999999996e-17
5088.70968008043 2.5875795e-17
5093.37861061098 2.5024425e-17
5098.047541141521 2.7417605e-17
5102.71647167207 2.736666e-17
5107.38540220262 2.6481699999999997e-17
5112.05433273317 2.7565749999999998e-17
5116.72326326372 2.9201025e-17
5121.392193794269 2.447417e-17
5126.06112432481 2.3727795e-17
5130.73005485536 2.986317e-17
5135.39898538591 3.1141955e-17
5140.06791591646 3.093961e-17
5144.73684644701 3.382745e-17
5149.405776977549 3.3206874999999997e-17
5154.0747075081 2.802522e-17
5158.74363803865 2.6594249999999997e-17
5163.412568569199 2.7738745e-17
5168.081499099749 2.8543825e-17
5172.75042963029 2.7008784999999997e-17
5177.4193601608395 2.783754e-17
5182.088290691391 2.73942e-17
5186.757221221939 2.4513615e-17
5191.42615175249 2.635051e-17
5196.09508228304 2.632744e-17
5200.76401281358 3.048023e-17
5205.432943344129 3.135987e-17
5210.10187387468 2.5181925e-17
5214.770804405229 2.4483885e-17
5219.439734935779 2.5706754999999998e-17
5224.10866546632 2.8266585e-17
5228.77759599687 2.7500579999999997e-17
5233.44652652742 2.6926609999999998e-17
5238.11545705797 2.8590285e-17
5242.78438758852 2.6321089999999997e-17
5247.453318119059 2.3257389999999996e-17
5252.122248649609 2.498285e-17
5256.79117918016 2.556936e-17
5261.46010971071 2.6365824999999997e-17
5266.129040241261 2.5729884999999997e-17
5270.797970771809 2.4143994999999998e-17
5275.4669013023495 2.661823e-17
5280.135831832899 2.6726109999999997e-17
5284.804762363449 2.2998995e-17
5289.473692894 2.3887425e-17
5294.142623424551 2.261743e-17
5298.811553955091 2.123178e-17
5303.48048448564 2.4199139999999998e-17
5308.14941501619 2.4077499999999998e-17
5312.81834554674 2.3900405e-17
5317.48727607729 2.5996829999999998e-17
5322.15620660783 2.64739e-17
5326.82513713838 2.5706744999999997e-17
5331.494067668928 2.5069124999999997e-17
5336.16299819948 2.4195454999999996e-17
5340.83192873003 2.464523e-17
5345.50085926058 2.6086595e-17
5350.169789791121 2.19073e-17
5354.83872032167 2.0363725e-17
5359.50765085222 2.5917379999999998e-17
5364.17658138277 2.9221685e-17
5368.84551191332 2.7382745e-17
5373.5144424438595 2.2833035000000002e-17
5378.183372974409 2.3233194999999998e-17
5382.852303504959 2.449643e-17
5387.52123403551 2.1344325e-17
5392.19016456606 2.3425019999999996e-17
5396.8590950966 2.456204e-17
5401.528025627149 2.3310489999999998e-17
5406.1969561577 2.474905e-17
5410.86588668825 2.404619e-17
5415.534817218799 2.257534e-17
5420.2037477493495 2.1589649999999998e-17
5424.87267827989 2.1804109999999998e-17
5429.54160881044 2.4779869999999998e-17
5434.210539340991 2.4168605e-17
5438.87946987154 2.3547445e-17
5443.54840040209 2.3310675e-17
5448.21733093263 2.1907475e-17
5452.88626146318 2.23658e-17
5457.555191993729 2.1775559999999998e-17
5462.224122524281 2.276561e-17
5466.893053054829 2.0344329999999998e-17
5471.5619835853695 1.9484524999999997e-17
5476.230914115919 2.1619199999999997e-17
5480.899844646469 2.3264565e-17
5485.56877517702 2.2674464999999998e-17
5490.23770570757 2.0613199999999998e-17
5494.906636238109 2.0626285e-17
5499.575566768658 2.1905674999999997e-17
5504.244497299209 2.224152e-17
5508.91342782976 2.114823e-17
5513.58235836031 2.1564884999999998e-17
5518.2512888908495 2.1755475e-17
5522.9202194214 2.2581869999999998e-17
5527.589149951949 2.1988839999999997e-17
5532.2580804825 2.0178419999999997e-17
5536.92701101305 2.104677e-17
5541.5959415436 1.9587685e-17
5546.264872074139 1.8583275e-17
5550.933802604689 2.0470674999999998e-17
5555.602733135239 2.163943e-17
5560.271663665789 2.3729285e-17
5564.9405941963405 2.3655249999999997e-17
5569.6095247268795 2.1212189999999997e-17
5574.27845525743 1.8215835e-17
5578.947385787979 2.1369225e-17
5583.616316318529 2.2663729999999998e-17
5588.285246849079 1.8929415e-17
5592.95417737962 1.9335095e-17
5597.62310791017 2.0177349999999998e-17
5602.292038440722 2.0699954999999998e-17
5606.96096897127 2.074688e-17
5611.62989950182 1.934265e-17
5616.2988300323705 2.007081e-17
5620.967760562911 2.0012494999999998e-17
5625.636691093459 1.9829394999999998e-17
5630.30562162401 2.072699e-17
5634.97455215456 2.0137795000000002e-17
5639.64348268511 2.0744605e-17
5644.312413215649 2.1760935e-17
5648.9813437462 2.115381e-17
5653.650274276749 2.131934e-17
5658.3192048073 2.0173384999999997e-17
5662.9881353378505 1.96664e-17
5667.657065868399 2.0022385e-17
5672.32599639894 2.0721985e-17
5676.994926929489 1.9819445e-17
5681.66385746004 2.030119e-17
5686.332787990591 1.9632054999999998e-17
5691.00171852113 1.809741e-17
5695.67064905168 1.9221570000000002e-17
5700.33957958223 1.9295105e-17
5705.00851011278 1.868419e-17
5709.677440643329 1.8964039999999998e-17
5714.34637117388 1.9252404999999997e-17
5719.015301704419 1.7782444999999997e-17
5723.684232234969 1.7431449999999998e-17
5728.35316276552 1.9537619999999996e-17
5733.02209329607 2.025688e-17
5737.69102382662 1.8735209999999997e-17
5742.359954357171 1.74249e-17
5747.028884887709 1.8107775e-17
5751.697815418259 1.834989e-17
5756.366745948809 1.7601999999999996e-17
5761.0356764793605 1.6870099999999998e-17
5765.704607009901 1.7194875e-17
5770.373537540449 1.9039935e-17
5775.042468070999 1.884045e-17
5779.71139860155 1.726922e-17
5784.380329132099 1.5594295e-17
5789.04925966265 1.5358154999999998e-17
5793.718190193188 1.8353865e-17
5798.38712072374 1.9036895e-17
5803.05605125429 1.8174205e-17
5807.72498178484 1.97007e-17
5812.39391231539 1.929106e-17
5817.062842845929 1.9698615e-17
5821.731773376479 1.9541964999999997e-17
5826.400703907031 1.8367989999999998e-17
5831.06963443758 1.9221405e-17
5835.738564968128 1.8413325e-17
5840.407495498669 1.7610684999999998e-17
5845.07642602922 1.8400664999999998e-17
5849.745356559771 1.8976015e-17
5854.414287090319 1.7814809999999997e-17
5859.083217620869 1.6682514999999998e-17
5863.7521481514095 1.744856e-17
5868.42107868196 1.872316e-17
5873.090009212511 1.7135499999999996e-17
5877.75893974306 1.6953244999999998e-17
5882.427870273609 1.7930964999999998e-17
5887.09680080416 1.7022695e-17
5891.7657313347 1.7326015e-17
5896.434661865249 1.6680634999999997e-17
5901.1035923958 1.735531e-17
5905.77252292635 1.7986185e-17
5910.4414534569 1.7004469999999995e-17
5915.110383987441 1.8530685e-17
5919.779314517989 1.870517e-17
5924.44824504854 1.7124374999999996e-17
5929.11717557909 1.691723e-17
5933.786106109631 1.6589135e-17
5938.455036640179 1.6929974999999997e-17
5943.123967170729 1.7869499999999996e-17
5947.792897701281 1.838816e-17
5952.46182823183 1.8918764999999998e-17
5957.1307587623805 1.6942049999999998e-17
5961.7996892929195 1.7218064999999996e-17
5966.46861982347 1.7909375e-17
5971.137550354019 1.6590484999999998e-17
5975.80648088457 1.7392674999999997e-17
5980.475411415118 1.7945335e-17
5985.14434194567 1.5709445e-17
5989.81327247621 1.5935470000000002e-17
5994.48220300676 1.7033615e-17
5999.15113353731 1.7066305e-17
6003.82006406786 1.7125695e-17
6008.48899459841 1.7627865e-17
6013.15792512896 1.7594674999999996e-17
6017.826855659499 1.7568069999999997e-17
6022.495786190048 1.6695419999999998e-17
6027.1647167206 1.750648e-17
6031.83364725115 1.8106275e-17
6036.502577781701 1.7762685e-17
6041.171508312241 1.8430034999999998e-17
6045.840438842789 1.8126894999999996e-17
6050.50936937334 1.637003e-17
6055.178299903891 1.6190319999999996e-17
6059.84723043444 1.2667965e-17
6064.51616096498 1.3115739999999998e-17
6069.1850914955285 1.853341e-17
6073.85402202608 1.763057e-17
6078.522952556631 1.5531345e-17
6083.19188308718 1.6293274999999998e-17
6087.86081361773 1.7670454999999997e-17
6092.52974414827 1.7075955e-17
6097.19867467882 1.5828135e-17
6101.86760520937 1.522656e-17
6106.53653573992 1.5649025e-17
6111.205466270461 1.6280835e-17
6115.874396801009 1.6282554999999996e-17
6120.54332733156 1.5718625e-17
6125.21225786211 1.7971705e-17
6129.88118839266 1.8137895e-17
6134.550118923211 1.6540729999999998e-17
6139.21904945375 1.7568894999999997e-17
6143.887979984301 1.826858e-17
6148.556910514849 1.708915e-17
6153.225841045401 1.683535e-17
6157.89477157595 1.7429499999999998e-17
6162.56370210649 1.742888e-17
6167.232632637041 1.8135575e-17
6171.90156316759 1.879856e-17
6176.570493698139 1.757145e-17
6181.23942422869 1.532819e-17
6185.908354759228 1.8023685e-17
6190.57728528978 1.839004e-17
6195.24621582033 1.7680874999999998e-17
6199.91514635088 1.7795935e-17
6204.58407688143 1.7657689999999997e-17
6209.253007411969 1.7669529999999998e-17
6213.921937942519 1.8374879999999997e-17
6218.59086847307 1.9344659999999996e-17
6223.25979900362 1.7983134999999998e-17
6227.92872953417 1.8460704999999998e-17
6232.597660064709 1.731763e-17
6237.26659059526 1.7542745e-17
6241.935521125811 1.868782e-17
6246.60445165636 1.7816955e-17
6251.273382186909 1.8381755e-17
6255.94231271746 1.8131849999999998e-17
6260.611243248 1.9066785e-17
6265.280173778549 1.8564219999999998e-17
6269.9491043091 1.7829305e-17
6274.618034839648 1.6620065e-17
6279.2869653702 1.557594e-17
6283.95589590074 1.609106e-17
6288.62482643129 1.7797449999999998e-17
6293.293756961841 1.695726e-17
6297.962687492389 1.6991955e-17
6302.63161802294 1.8487369999999998e-17
6307.30054855348 1.7517585e-17
6311.96947908403 1.6836375e-17
6316.63840961458 1.909465e-17
6321.307340145129 1.949355e-17
6325.97627067568 1.8875964999999997e-17
6330.645201206219 1.7857995e-17
6335.314131736769 1.888909e-17
6339.983062267321 1.8584414999999998e-17
6344.65199279787 1.7832774999999998e-17
6349.320923328421 1.79441e-17
6353.98985385897 1.8213424999999998e-17
6358.65878438951 1.7729865e-17
6363.327714920059 1.8561955e-17
6367.99664545061 1.899668e-17
6372.665575981159 1.785137e-17
6377.334506511712 1.8020035e-17
6382.00343704225 1.8683689999999997e-17
6386.6723675728 1.8832605e-17
6391.34129810335 1.944566e-17
6396.0102286339 1.9871185e-17
6400.67915916445 1.9722335e-17
6405.34808969499 1.9396795e-17
6410.017020225539 1.945664e-17
6414.68595075609 1.8147725e-17
6419.35488128664 1.8126599999999997e-17
6424.02381181719 1.8143314999999998e-17
6428.692742347741 1.7726249999999998e-17
6433.36167287828 1.869007e-17
6438.030603408829 1.7779999999999996e-17
6442.69953393938 1.653699e-17
6447.368464469929 1.7675864999999997e-17
6452.03739500048 1.8587809999999997e-17
6456.706325531031 1.8310835e-17
6461.3752560615685 1.8599584999999997e-17
6466.04418659212 1.786364e-17
6470.713117122669 1.761741e-17
6475.38204765322 1.8497469999999998e-17
6480.05097818377 1.7928165e-17
6484.719908714309 1.7641354999999998e-17
6489.38883924486 1.6865544999999998e-17
6494.05776977541 1.5588319999999998e-17
6498.72670030596 1.73241e-17
6503.395630836509 1.8326419999999998e-17
6508.0645613670495 1.7483205e-17
6512.7334918976 1.8484235e-17
6517.402422428149 2.0123895e-17
6522.0713529587 1.878609e-17
6526.740283489249 1.957978e-17
6531.40921401979 2.0132579999999998e-17
6536.078144550341 1.9163205e-17
6540.74707508089 1.902201e-17
6545.416005611441 1.8247704999999998e-17
6550.084936141989 1.919425e-17
6554.75386667253 1.9023765e-17
6559.422797203079 1.833999e-17
6564.091727733631 1.8954825e-17
6568.760658264179 1.963965e-17
6573.429588794729 2.0009894999999998e-17
6578.09851932528 1.9888635e-17
6582.76744985582 1.994603e-17
6587.436380386368 1.9822265e-17
6592.10531091692 1.9115945e-17
6596.77424144747 2.0233205e-17
6601.4431719780105 1.9849434999999998e-17
6606.1121025085595 1.948198e-17
6610.78103303911 1.9991605e-17
6615.449963569659 1.9829274999999998e-17
6620.11889410021 1.983099e-17
6624.787824630761 2.030232e-17
6629.4567551613 1.9808874999999998e-17
6634.125685691851 1.9457745e-17
6638.7946162224 1.9956639999999996e-17
6643.463546752951 1.9706549999999996e-17
6648.1324772835 2.04972e-17
6652.80140781404 2.0504774999999997e-17
6657.470338344589 2.0833389999999998e-17
6662.13926887514 1.9608069999999996e-17
6666.808199405689 1.9969054999999998e-17
6671.477129936242 2.1946574999999998e-17
6676.14606046678 1.905081e-17
6680.81499099733 1.9480069999999998e-17
6685.48392152788 2.136666e-17
6690.152852058429 2.0851525e-17
6694.82178258898 1.9371205e-17
6699.490713119529 1.9147119999999998e-17
6704.15964365007 1.9227104999999998e-17
6708.82857418062 1.7976025e-17
6713.497504711169 1.8640869999999997e-17
6718.16643524172 1.9104999999999998e-17
6722.835365772271 1.9636655e-17
6727.50429630281 2.0161455e-17
6732.173226833359 1.8446045e-17
6736.842157363909 1.9361394999999997e-17
6741.511087894461 1.9509129999999998e-17
6746.18001842501 1.918434e-17
6750.84894895556 2.0023629999999996e-17
6755.517879486099 2.079675e-17
6760.18681001665 2.0212185e-17
6764.855740547199 1.9381464999999998e-17
6769.52467107775 1.7807385e-17
6774.193601608288 1.8783364999999998e-17
6778.86253213884 1.8481619999999998e-17
6783.53146266939 1.7776544999999996e-17
6788.20039319994 2.0399645e-17
6792.86932373049 2.2082495e-17
6797.538254261041 1.8879624999999998e-17
6802.2071847915795 1.8866885e-17
6806.87611532213 1.886526e-17
6811.545045852679 1.8696109999999998e-17
6816.213976383231 1.8264494999999998e-17
6820.882906913781 1.7882649999999998e-17
6825.551837444329 1.7744769999999997e-17
6830.220767974871 1.7764999999999998e-17
6834.88969850542 1.799458e-17
6839.558629035969 1.7948605e-17
6844.22755956652 1.8757289999999997e-17
6848.8964900970705 1.7504355e-17
6853.5654206276095 1.7064239999999998e-17
6858.234351158159 1.7173324999999996e-17
6862.903281688709 1.5631745e-17
6867.57221221926 1.3710654999999998e-17
6872.24114274981 1.3643829999999999e-17
6876.910073280349 1.4761684999999997e-17
6881.5790038109 1.293855e-17
6886.24793434145 1.3742504999999998e-17
6890.916864872 1.428641e-17
6895.5857954025505 1.410862e-17
6900.2547259330895 1.5000335e-17
6904.92365646364 1.6179095e-17
6909.592586994189 1.6292430000000002e-17
6914.26151752474 1.5362949999999997e-17
6918.930448055291 1.6411824999999996e-17
6923.599378585829 1.7482354999999998e-17
6928.268309116379 1.697022e-17
6932.93723964693 1.759174e-17
6937.606170177481 1.7166795e-17
6942.275100708029 1.7856285e-17
6946.94403123857 1.7306155e-17
6951.6129617691195 1.6476254999999998e-17
6956.28189229967 1.7917585e-17
6960.950822830219 1.7724975e-17
6965.619753360769 1.8857509999999998e-17
6970.28868389132 1.8866034999999998e-17
6974.95761442186 1.7210044999999998e-17
6979.62654495241 1.683988e-17
6984.295475482959 1.751736e-17
6988.96440601351 1.8271095e-17
6993.6333365440605 1.8144775e-17
6998.3022670745995 1.7840975e-17
7002.971197605151 1.9049235e-17
7007.640128135699 1.8029054999999998e-17
7012.30905866625 1.920501e-17
7016.977989196801 2.0627189999999996e-17
7021.64691972734 1.8911834999999998e-17
7026.315850257889 1.8935895e-17
7030.98478078844 2.0664315e-17
7035.653711318991 2.130709e-17
7040.32264184954 2.0829039999999998e-17
7044.9915723800805 2.0776475e-17
7049.6605029106295 2.1335405e-17
7054.32943344118 2.2095115e-17
7058.998363971729 2.2549675e-17
7063.66729450228 2.127374e-17
7068.336225032831 2.067453e-17
7073.005155563369 2.1761059999999998e-17
7077.67408609392 2.2093725e-17
7082.34301662447 2.1955269999999998e-17
7087.01194715502 2.101753e-17
7091.680877685569 2.0740665e-17
7096.3498082161095 2.183332e-17
7101.01873874666 2.1312074999999998e-17
7105.687669277209 2.0905749999999998e-17
7110.356599807758 2.2555219999999998e-17
7115.025530338311 2.2108445e-17
7119.69446086885 2.1869205e-17
7124.363391399399 2.279057e-17
7129.032321929949 2.3057309999999996e-17
7133.701252460501 2.2175204999999998e-17
7138.37018299105 2.1142405e-17
7143.0391135216005 2.1849359999999998e-17
7147.7080440521395 2.1960889999999997e-17
7152.376974582689 2.1102355e-17
7157.045905113239 2.0739095e-17
7161.71483564379 2.0523755e-17
7166.38376617434 2.144199e-17
7171.052696704882 2.0333784999999998e-17
7175.721627235428 1.9443665e-17
7180.39055776598 1.9599499999999998e-17
7185.05948829653 1.82917e-17
7189.7284188270805 1.8804635e-17
7194.39734935763 1.9229324999999998e-17
7199.0662798881685 1.8137259999999998e-17
7203.735210418719 1.89106e-17
7208.404140949271 1.8919885e-17
7213.073071479821 1.9837574999999998e-17
7217.742002010369 2.0228819999999998e-17
7222.410932540909 1.9141195e-17
7227.07986307146 1.9868755e-17
7231.748793602011 2.0328419999999997e-17
7236.417724132559 2.0601775e-17
7241.08665466311 2.0186575e-17
7245.7555851936495 1.7829989999999997e-17
7250.4245157242 1.8052995e-17
7255.093446254751 1.837137e-17
7259.762376785299 1.8210905e-17
7264.43130731585 1.8752734999999997e-17
7269.10023784639 1.8681019999999997e-17
7273.769168376941 2.014201e-17
7278.438098907492 1.835458e-17
7283.10702943804 1.7812409999999997e-17
7287.775959968589 1.9565865e-17
7292.44489049914 1.8632915e-17
7297.113821029681 1.9795255e-17
7301.782751560229 2.197688e-17
7306.45168209078 2.429264e-17
7311.120612621331 2.3541264999999997e-17
7315.78954315188 2.0778405e-17
7320.458473682419 1.7632264999999998e-17
7325.127404212969 1.779004e-17
7329.796334743519 1.7747989999999997e-17
7334.465265274069 1.699959e-17
7339.1341958046205 1.9073249999999998e-17
7343.8031263351595 1.8207434999999997e-17
7348.47205686571 1.8026915e-17
7353.140987396259 1.810952e-17
7357.80991792681 1.7886054999999998e-17
7362.478848457358 1.780252e-17
7367.14777898791 1.8480415e-17
7371.816709518451 1.9150385e-17
7376.485640048998 1.6555885e-17
7381.154570579548 1.5964504999999998e-17
7385.823501110099 1.7191075e-17
7390.49243164065 1.7647514999999998e-17
7395.16136217119 1.685697e-17
7399.83029270174 1.614261e-17
7404.499223232288 1.7817064999999998e-17
7409.168153762841 1.681655e-17
7413.83708429339 1.6432629999999998e-17
7418.506014823931 1.7036279999999997e-17
7423.174945354481 1.6489939999999996e-17
7427.843875885029 1.6265495e-17
7432.512806415579 1.7233324999999998e-17
7437.1817369461305 1.8567509999999997e-17
7441.8506674766795 1.8295635e-17
7446.519598007219 1.7385295e-17
7451.188528537768 1.6730145e-17
7455.85745906832 1.567105e-17
7460.526389598871 1.6511434999999997e-17
7465.195320129422 1.7928729999999997e-17
7469.86425065996 1.7530789999999998e-17
7474.533181190509 1.8284209999999998e-17
7479.20211172106 1.8158549999999998e-17
7483.871042251611 1.630917e-17
7488.539972782149 1.846196e-17
7493.208903312701 1.7395929999999996e-17
7497.877833843249 1.8176775000000002e-17
7502.5467643738 1.8404075e-17
7507.215694904351 1.8032039999999997e-17
7511.884625434899 1.8794764999999998e-17
7516.553555965439 1.9238414999999998e-17
7521.22248649599 1.8311745e-17
7525.891417026541 1.8534009999999998e-17
7530.560347557089 1.8806975e-17
7535.22927808764 1.8038484999999998e-17
7539.8982086181895 1.8125419999999997e-17
7544.56713914873 1.6645304999999998e-17
7549.236069679281 1.6712485e-17
7553.90500020983 1.7804595e-17
7558.57393074038 1.7185695e-17
7563.24286127093 1.8160480000000002e-17
7567.911791801471 1.7543444999999997e-17
7572.580722332019 1.7562359999999996e-17
7577.24965286257 1.882713e-17
7581.918583393119 1.826681e-17
7586.587513923669 1.7150909999999995e-17
7591.256444454209 1.546918e-17
7595.925374984759 1.0572885e-17
7600.59430551531 6.033357e-18
7605.263236045861 4.1304119999999995e-18
7609.93216657641 5.1668905e-18
7614.601097106949 8.521732999999999e-18
7619.270027637501 9.655586499999998e-18
7623.938958168051 9.7871865e-18
7628.607888698597 9.215335e-18
7633.276819229148 8.714523999999998e-18
7637.945749759699 9.390487999999999e-18
7642.61468029024 1.124504e-17
7647.283610820789 1.2015464999999999e-17
7651.952541351342 1.2998385e-17
7656.621471881888 1.534028e-17
7661.29040241244 1.5201924999999998e-17
7665.959332942981 1.6270004999999996e-17
7670.62826347353 1.6358044999999997e-17
7675.297194004078 1.5676304999999996e-17
7679.966124534629 1.6796404999999997e-17
7684.63505506517 1.7783765e-17
7689.30398559572 1.657956e-17
7693.97291612627 1.7426314999999998e-17
7698.641846656818 1.778156e-17
7703.310777187369 1.7049159999999998e-17
7707.97970771792 1.7783274999999998e-17
7712.648638248471 1.9051175e-17
7717.317568779011 1.9540225e-17
7721.986499309558 1.9405705e-17
7726.655429840109 1.849127e-17
7731.3243603706605 1.8229079999999995e-17
7735.993290901199 1.8030845e-17
7740.66222143175 1.799064e-17
7745.331151962301 1.7942139999999998e-17
7750.00008249285 1.866477e-17
7754.6690130234 1.9682749999999998e-17
7759.337943553952 1.892766e-17
7764.006874084492 1.9282165e-17
7768.67580461504 1.9023824999999997e-17
7773.344735145588 1.7860174999999998e-17
7778.013665676141 1.7884624999999997e-17
7782.68259620669 1.773682e-17
7787.35152673723 1.764476e-17
7792.020457267779 1.5992945000000002e-17
7796.68938779833 1.5405405e-17
7801.358318328881 1.7330035e-17
7806.02724885943 1.7369439999999995e-17
7810.696179389971 1.6702509999999997e-17
7815.365109920517 1.828995e-17
7820.034040451069 1.8602625e-17
7824.702970981619 1.7381934999999995e-17
7829.37190151217 1.7386169999999997e-17
7834.040832042719 1.6012455000000002e-17
7838.70976257326 1.6593505e-17
7843.3786931038085 1.78628e-17
7848.04762363436 1.755608e-17
7852.71655416491 1.725261e-17
7857.38548469546 1.794028e-17
7862.054415225998 1.9556524999999998e-17
7866.72334575655 1.8769945e-17
7871.3922762871 1.6645555e-17
7876.061206817651 1.616076e-17
7880.730137348199 1.655871e-17
7885.399067878751 1.5156595e-17
7890.067998409289 1.5617295e-17
7894.73692893984 1.6848975e-17
7899.405859470389 1.5542805e-17
7904.074790000941 1.5913914999999997e-17
7908.743720531492 1.7548305e-17
7913.41265106203 1.7716974999999997e-17
7918.081581592579 1.6440399999999998e-17
7922.75051212313 1.4789064999999998e-17
7927.419442653678 1.629773e-17
7932.088373184229 1.649975e-17
7936.75730371477 1.6193925e-17
7941.426234245319 1.6042539999999997e-17
7946.095164775872 1.5666899999999998e-17
7950.764095306418 1.4717674999999998e-17
7955.433025836969 1.4664429999999998e-17
7960.101956367511 1.58851e-17
7964.770886898062 1.6923809999999997e-17
7969.439817428608 1.7045539999999997e-17
7974.108747959158 1.5319725e-17
7978.77767848971 1.452069e-17
7983.44660902025 1.5380325e-17
7988.115539550799 1.4989279999999998e-17
7992.78447008135 1.6074585e-17
7997.453400611901 1.6715544999999998e-17
8002.12233114245 1.538296e-17
8006.791261673001 1.5378314999999998e-17
8011.46019220354 1.6203414999999998e-17
8016.129122734091 1.605802e-17
8020.798053264639 1.8433649999999997e-17
8025.466983795188 1.6469594999999998e-17
8030.13591432574 1.5831404999999996e-17
8034.80484485628 1.5813459999999998e-17
8039.473775386829 1.6015864999999998e-17
8044.142705917379 1.5677874999999997e-17
8048.81163644793 1.440425e-17
8053.480566978482 1.4642735e-17
8058.14949750902 1.637231e-17
8062.818428039572 1.591098e-17
8067.487358570118 1.4336915e-17
8072.156289100669 1.596951e-17
8076.82521963122 1.5498244999999998e-17
8081.494150161769 1.471103e-17
8086.16308069231 1.6259615e-17
8090.832011222861 1.7052535e-17
8095.500941753409 1.5279384999999996e-17
8100.16987228396 1.508137e-17
8104.838802814511 1.5917109999999998e-17
8109.507733345051 1.6585809999999998e-17
8114.176663875599 1.5012934999999998e-17
8118.845594406149 1.4160069999999998e-17
8123.5145249367 1.4345355e-17
8128.18345546725 1.420759e-17
8132.85238599779 1.5227475e-17
8137.5213165283385 1.586133e-17
8142.19024705889 1.5341069999999998e-17
8146.85917758944 1.3743025e-17
8151.52810811999 1.376093e-17
8156.197038650541 1.4124339999999997e-17
8160.865969181079 1.3929949999999996e-17
8165.534899711628 1.3613344999999996e-17
8170.203830242179 1.3874169999999999e-17
8174.87276077273 1.3931975e-17
8179.541691303278 1.399261e-17
8184.2106218338195 1.383838e-17
8188.87955236437 1.4158445e-17
8193.548482894917 1.4516449999999998e-17
8198.21741342547 1.457457e-17
8202.88634395602 1.4504550000000002e-17
8207.55527448656 1.4186774999999997e-17
8212.22420501711 1.6957839999999997e-17
8216.89313554766 1.5322949999999997e-17
8221.56206607821 1.5358585e-17
8226.230996608758 1.437182e-17
8230.89992713931 1.323504e-17
8235.56885766985 1.3563649999999998e-17
8240.237788200398 1.42606e-17
8244.90671873095 1.4032755e-17
8249.575649261502 1.472792e-17
8254.24457979205 1.377226e-17
8258.91351032259 1.2516544999999999e-17
8263.582440853139 1.4329704999999998e-17
8268.25137138369 1.479411e-17
8272.920301914239 1.3711569999999996e-17
8277.58923244479 1.3280724999999999e-17
8282.25816297533 1.4045604999999998e-17
8286.92709350588 1.2702359999999999e-17
8291.59602403643 1.386174e-17
8296.26495456698 1.4996115e-17
8300.933885097531 1.4578069999999997e-17
8305.60281562807 1.369336e-17
8310.27174615862 1.532436e-17
8314.94067668917 1.4189409999999998e-17
8319.609607219718 1.311573e-17
8324.278537750268 1.3550539999999998e-17
8328.947468280809 1.3373315e-17
8333.61639881136 1.1699464999999999e-17
8338.28532934191 1.581417e-17
8342.95425987246 1.44786e-17
8347.623190403008 1.533355e-17
8352.29212093356 1.5924334999999998e-17
8356.9610514641 1.44148e-17
8361.629981994649 1.3881655e-17
8366.298912525199 1.4559745e-17
8370.967843055749 1.4188009999999997e-17
8375.6367735863 1.421769e-17
8380.305704116838 1.37176e-17
8384.974634647388 1.2790195e-17
8389.64356517794 1.2533779999999998e-17
8394.31249570849 1.50998e-17
8398.98142623904 1.4118115e-17
8403.650356769582 1.4777585e-17
8408.319287300132 1.5785769999999997e-17
8412.988217830678 1.3610385e-17
8417.65714836123 1.3163979999999999e-17
8422.326078891778 1.4329545e-17
8426.99500942233 1.572967e-17
8431.66393995287 1.441959e-17
8436.33287048342 1.3598614999999998e-17
8441.00180101397 1.3847414999999997e-17
8445.67073154452 1.3119189999999999e-17
8450.33966207506 1.356819e-17
8455.008592605609 1.2821835e-17
8459.677523136159 1.5060139999999998e-17
8464.34645366671 1.7431414999999998e-17
8469.01538419726 1.4681034999999997e-17
8473.684314727809 1.464983e-17
8478.35324525835 1.402266e-17
8483.0221757889 1.3624274999999998e-17
8487.69110631945 1.2916575e-17
8492.360036849997 1.2850655e-17
8497.02896738055 1.4186795e-17
8501.697897911092 1.3711214999999999e-17
8506.366828441638 1.2742329999999998e-17
8511.035758972188 1.2793765e-17
8515.70468950274 1.4078109999999997e-17
8520.37362003329 1.4425425e-17
8525.04255056383 1.591204e-17
8529.71148109438 1.538099e-17
8534.380411624928 1.4135405e-17
8539.04934215548 1.342136e-17
8543.71827268603 1.3548524999999999e-17
8548.38720321657 1.4040695e-17
8553.05613374712 1.3320609999999998e-17
8557.725064277669 1.376632e-17
8562.39399480822 1.478765e-17
8567.062925338769 1.4808234999999998e-17
8571.73185586932 1.502298e-17
8576.400786399858 1.4507329999999998e-17
8581.06971693041 1.4207885e-17
8585.73864746096 1.3629904999999998e-17
8590.407577991507 1.3913884999999998e-17
8595.076508522061 1.3402355e-17
8599.74543905261 1.258557e-17
8604.41436958315 1.3796104999999999e-17
8609.0833001137 1.360262e-17
8613.75223064425 1.3366005e-17
8618.421161174798 1.396361e-17
8623.09009170535 1.3930804999999996e-17
8627.759022235898 1.4874474999999997e-17
8632.42795276644 1.3622895e-17
8637.09688329699 1.398008e-17
8641.765813827538 1.413992e-17
8646.43474435809 1.4086169999999998e-17
8651.10367488864 1.4963594999999994e-17
8655.77260541918 1.4840479999999998e-17
8660.441535949729 1.3269969999999999e-17
8665.110466480279 1.326821e-17
8669.77939701083 1.3976189999999997e-17
8674.44832754137 1.3572544999999999e-17
8679.117258071918 1.3096225000000001e-17
8683.78618860247 1.2781209999999999e-17
8688.45511913302 1.2097729999999999e-17
8693.124049663571 1.2668629999999998e-17
8697.792980194123 1.1424864999999999e-17
8702.46191072466 1.2243674999999999e-17
8707.130841255208 1.3675705e-17
8711.79977178576 1.3010015e-17
8716.468702316308 1.2437499999999999e-17
8721.13763284686 1.2151774999999999e-17
8725.8065633774 1.2218035e-17
8730.47549390795 1.2779515e-17
8735.1444244385 1.2865959999999999e-17
8739.81335496905 1.2786104999999999e-17
8744.4822854996 1.1504970000000001e-17
8749.15121603014 1.164705e-17
8753.820146560689 1.1144767499999999e-17
8758.48907709124 1.0026926999999998e-17
8763.15800762179 1.09158805e-17
8767.826938152339 9.797011e-18
8772.495868682889 1.2613555e-17
8777.164799213428 1.2843339999999999e-17
8781.83372974398 1.255449e-17
8786.50266027453 1.1673534999999999e-17
8791.17159080508 1.1637644999999998e-17
8795.84052133563 1.2686109999999999e-17
8800.50945186617 1.340792e-17
8805.178382396722 1.173814e-17
8809.84731292727 1.2095824999999999e-17
8814.516243457818 1.1338115e-17
8819.18517398837 7.2875265e-18
8823.85410451891 8.901444e-18
8828.523035049458 1.2137185e-17
8833.191965580008 1.280309e-17
8837.86089611056 1.1740438999999999e-17
8842.52982664111 1.3101909999999998e-17
8847.19875717165 1.1156436999999999e-17
8851.867687702199 1.03781625e-17
8856.53661823275 1.2376549999999999e-17
8861.205548763299 1.2437159999999998e-17
8865.87447929385 1.1648184999999999e-17
8870.543409824399 1.2153964999999999e-17
8875.21234035494 1.1419769999999999e-17
8879.88127088549 1.3337384999999998e-17
8884.550201416037 1.2627359999999999e-17
8889.219131946587 1.2860354999999999e-17
8893.88806247714 1.351435e-17
8898.55699300769 1.1918025e-17
8903.22592353823 1.1068415e-17
8907.89485406878 8.672862999999998e-18
8912.563784599328 6.643651499999999e-18
8917.23271512988 8.083086e-18
8921.901645660419 9.654505e-18
8926.57057619097 8.797767999999998e-18
8931.23950672152 9.5691065e-18
8935.90843725207 9.1498225e-18
8940.57736778262 9.975537e-18
8945.246298313172 9.373928999999999e-18
8949.91522884371 1.1078912999999999e-17
8954.584159374259 1.215457e-17
8959.253089904809 1.3257724999999999e-17
8963.92202043536 1.2018459999999999e-17
8968.59095096591 9.804839e-18
8973.25988149645 9.862419e-18
8977.928812026998 9.977477499999999e-18
8982.59774255755 8.914007499999999e-18
8987.266673088101 8.742686999999999e-18
8991.93560361865 9.253061e-18
8996.60453414919 1.03052095e-17
9001.273464679742 1.1675115999999999e-17
9005.94239521029 1.2057807999999998e-17
9010.61132574084 1.07021675e-17
9015.280256271388 9.3818545e-18
9019.94918680193 9.725184e-18
9024.61811733248 1.03229235e-17
9029.28704786303 9.961559499999998e-18
9033.95597839358 9.548827500000001e-18
9038.62490892413 9.416003e-18
9043.293839454682 1.027398e-17
9047.962769985219 1.0353710500000001e-17
9052.63170051577 9.671651499999999e-18
9057.300631046319 8.789329e-18
9061.96956157687 1.00284575e-17
9066.638492107419 1.0684355e-17
9071.30742263796 9.152682499999999e-18
9075.97635316851 9.1900775e-18
9080.64528369906 9.896582e-18
9085.314214229607 8.5634e-18
9089.98314476016 9.620212499999998e-18
9094.652075290702 8.788436999999999e-18
9099.321005821248 8.959812499999998e-18
9103.9899363518 1.0379856e-17
9108.658866882348 1.0537315e-17
9113.3277974129 9.9448825e-18
9117.99672794344 9.1378995e-18
9122.66565847399 9.448426999999999e-18
9127.334589004542 8.986272e-18
9132.00351953509 8.8494365e-18
9136.67245006564 9.5306135e-18
9141.34138059618 9.12824e-18
9146.010311126729 9.6367225e-18
9150.67924165728 9.269907499999999e-18
9155.348172187829 7.617938e-18
9160.01710271838 8.958114499999998e-18
9164.68603324892 8.096201999999999e-18
9169.354963779468 9.042781999999999e-18
9174.023894310018 8.754887499999999e-18
9178.692824840567 8.230915499999999e-18
9183.361755371121 8.575223e-18
9188.030685901667 8.669665999999999e-18
9192.69961643221 8.5886765e-18
9197.368546962762 8.965002e-18
9202.03747749331 8.69905e-18
9206.70640802386 7.458105999999999e-18
9211.375338554408 8.113586500000001e-18
9216.044269084952 7.850863499999999e-18
9220.7131996155 8.330005999999998e-18
9225.38213014605 8.489934499999999e-18
9230.0510606766 8.0098045e-18
9234.71999120715 8.767114999999999e-18
9239.3889217377 8.932330999999999e-18
9244.057852268239 8.459975999999999e-18
9248.72678279879 8.151982999999999e-18
9253.395713329339 7.629320999999999e-18
9258.06464385989 8.6028875e-18
9262.733574390439 8.232196500000001e-18
9267.40250492098 7.8728375e-18
9272.071435451528 7.163404999999999e-18
9276.740365982083 7.9931455e-18
9281.409296512627 7.8277445e-18
9286.07822704318 7.369224e-18
9290.747157573722 8.150606999999998e-18
9295.416088104268 7.952636499999997e-18
9300.085018634818 7.930631e-18
9304.753949165368 7.6532345e-18
9309.42287969592 7.399836499999998e-18
9314.09181022646 7.175465999999998e-18
9318.76074075701 6.800092e-18
9323.42967128756 5.201189e-18
9328.09860181811 6.088707999999999e-18
9332.76753234866 6.1262945e-18
9337.436462879208 5.4609265e-18
9342.105393409753 4.9106145e-18
9346.7743239403 5.244589999999999e-18
9351.443254470849 6.716144499999999e-18
9356.1121850014 6.545969e-18
9360.781115531949 6.845227499999999e-18
9365.450046062488 7.908298999999999e-18
9370.11897659304 9.778278499999999e-18
9374.787907123586 1.0161857e-17
9379.456837654141 1.0931336999999999e-17
9384.125768184687 8.645913499999998e-18
9388.79469871523 7.172595e-18
9393.46362924578 7.486871999999998e-18
9398.132559776328 7.144411999999999e-18
9402.80149030688 7.038826e-18
9407.470420837428 6.7816219999999995e-18
9412.13935136797 7.057513e-18
9416.80828189852 6.836328e-18
9421.47721242907 7.4043405e-18
9426.146142959618 7.0895255e-18
9430.81507349017 5.082115e-18
9435.48400402072 5.702012e-18
9440.15293455127 6.299585999999999e-18
9444.82186508181 6.226512499999999e-18
9449.490795612359 6.016126999999999e-18
9454.15972614291 5.9799214999999996e-18
9458.828656673459 5.8336545e-18
9463.49758720401 6.840861999999999e-18
9468.166517734548 7.611726499999998e-18
9472.8354482651 6.9750595e-18
9477.504378795646 8.618960999999999e-18
9482.1733093262 8.665804999999998e-18
9486.84223985675 8.122394999999999e-18
9491.511170387299 8.309621499999999e-18
9496.18010091784 7.8297315e-18
9500.849031448388 8.7837195e-18
9505.517961978941 1.0598601e-17
9510.186892509488 1.222131e-17
9514.85582304003 1.550651e-17
9519.524753570577 1.7136824999999998e-17
9524.19368410113 1.6457924999999998e-17
9528.86261463168 1.4767685000000002e-17
9533.53154516223 1.192728e-17
9538.200475692773 1.0835872999999999e-17
9542.86940622332 9.243934e-18
9547.538336753872 9.146866499999999e-18
9552.207267284417 1.0351952500000001e-17
9556.876197814969 1.119806e-17
9561.545128345508 1.3713719999999999e-17
9566.21405887606 1.3993805e-17
9570.882989406608 1.3639644999999999e-17
9575.55191993716 1.3366204999999998e-17
9580.22085046771 1.1300821e-17
9584.88978099826 1.01076315e-17
9589.5587115288 9.177108499999998e-18
9594.227642059348 9.007891e-18
9598.8965725899 9.070289999999999e-18
9603.565503120448 1.0597800999999999e-17
9608.234433651 1.1237864499999999e-17
9612.903364181542 1.0328248e-17
9617.57229471209 1.111051e-17
9622.24122524264 1.1313488999999998e-17
9626.91015577319 1.05433555e-17
9631.579086303742 9.408870499999999e-18
9636.248016834279 9.176332000000001e-18
9640.91694736483 8.478741999999999e-18
9645.585877895379 8.324555499999999e-18
9650.25480842593 8.902523e-18
9654.923738956479 7.5515055e-18
9659.59266948703 7.2492925e-18
9664.261600017568 6.6078235e-18
9668.93053054812 5.8114615e-18
9673.599461078667 6.7590165e-18
9678.268391609217 7.2464575e-18
9682.937322139767 6.149544999999999e-18
9687.606252670308 4.42224e-18
9692.27518320086 4.7960099999999995e-18
9696.944113731408 5.3173895e-18
9701.61304426196 4.2542719999999996e-18
9706.28197479251 4.2362725e-18
9710.95090532306 5.4430215e-18
9715.619835853602 5.2706995e-18
9720.288766384152 4.385235499999999e-18
9724.9576969147 3.0604759999999994e-18
9729.62662744525 4.064212e-18
9734.295557975802 4.2381984999999995e-18
9738.96448850634 4.1031974999999995e-18
9743.633419036889 3.7961275e-18
9748.30234956744 3.3699514999999996e-18
9752.971280097989 3.6155065e-18
9757.640210628542 3.8713045e-18
9762.30914115908 3.7670359999999994e-18
9766.978071689628 4.0731174999999995e-18
9771.64700222018 2.839977e-18
9776.315932750727 2.278279e-18
9780.984863281277 4.8762955e-19
9785.653793811822 -9.207068999999998e-20
9790.322724342368 8.0156605e-19
9794.99165487292 7.1995535e-19
9799.66058540347 7.866415e-19
9804.32951593402 2.5475744999999996e-18
9808.99844646456 3.621424e-18
9813.66737699511 2.901499e-18
9818.33630752566 2.6520529999999998e-18
9823.00523805621 2.7523549999999997e-18
9827.67416858676 3.3783295000000002e-18
9832.343099117299 3.640922e-18
9837.012029647847 3.4146135e-18
9841.680960178399 5.0026025e-18
9846.34989070895 3.7950139999999995e-18
9851.018821239499 2.3931205e-18
9855.687751770047 2.5493035e-18
9860.356682300588 2.4192974999999996e-18
9865.02561283114 2.6756144999999997e-18
9869.694543361687 2.7383439999999996e-18
9874.36347389224 2.7889949999999997e-18
9879.032404422782 1.3932525e-18
9883.701334953332 1.6158035e-18
9888.37026548388 2.988839e-18
9893.039196014428 2.606201e-18
9897.70812654498 1.3420244999999998e-18
9902.377057075528 1.0531117999999999e-18
9907.04598760607 -8.552895999999999e-20
9911.71491813662 9.1865685e-19
9916.38384866717 -2.130717e-19
9921.05277919772 4.670162e-19
9925.72170972827 1.51750345e-18
9930.390640258809 1.4612833e-18
9935.05957078936 2.4991595e-19
9939.728501319909 3.8987915e-19
9944.397431850457 6.764020149999999e-19
9949.066362381009 1.9150067499999996e-18
9953.73529291155 2.747298e-18
9958.4042234421 3.8789425e-18
9963.073153972648 3.6287695e-18
9967.7420845032 3.8797765e-18
9972.411015033747 2.4249285e-18
9977.079945564301 1.6923772999999999e-18
9981.748876094849 1.1986598999999999e-18
9986.417806625388 1.7899945e-18
9991.08673715594 2.4348594999999998e-18
9995.755667686488 2.365454e-18
10000.424598217 2.4029685e-18
10005.0935287476 2.8031984999999998e-18
10009.762459278101 3.371958e-18
10014.431389808702 3.25017e-18
10019.100320339201 1.980844e-18
10023.7692508698 1.1966873999999999e-18
10028.4381814003 1.4740414999999998e-18
10033.1071119309 1.7218695e-18
10037.7760424614 2.519223e-18
10042.444972992 1.6835875e-18
10047.113903522497 2.018213e-18
10051.782834053101 2.4455575e-18
10056.4517645836 2.323508e-18
10061.120695114201 2.3160209999999996e-18
10065.7896256447 2.4337035e-18
10070.458556175297 1.97901165e-18
10075.1274867058 1.7075171999999998e-18
10079.7964172364 1.57978565e-18
10084.4653477669 1.95074585e-18
10089.1342782974 2.2827912e-18
10093.803208828 2.6335440499999998e-18
10098.4721393585 2.0678114999999997e-18
10103.1410698891 1.1274456e-18
10107.8100004196 1.6812463499999997e-18
10112.4789309502 1.16801735e-18
10117.147861480702 1.3394649e-18
10121.8167920113 1.11339055e-18
10126.4857225418 5.029871799999999e-19
10131.154653072399 1.5705373e-18
10135.8235836029 1.6286415e-18
10140.492514133502 6.546746999999999e-19
10145.161444664 1.9745679999999997e-18
10149.8303751946 1.9143675e-18
10154.4993057251 1.4044619999999998e-18
10159.1682362557 1.71517e-18
10163.8371667862 2.1989575e-18
10168.5060973168 2.434255e-18
10173.1750278473 3.023273e-18
10177.843958377902 2.520806e-18
10182.512888908399 2.435195e-18
10187.181819439002 2.2921759999999998e-18
10191.850749969499 1.7512549999999997e-18
10196.519680500098 3.344292e-19
10201.1886110306 1.3640559999999998e-18
10205.8575415612 2.0766814999999997e-18
10210.5264720917 1.802972e-18
10215.1954026223 1.3995527e-18
10219.8643331528 1.833091e-18
10224.533263683303 7.510731499999999e-19
10229.202194213902 1.6711633999999999e-18
10233.871124744399 1.980494e-18
10238.540055275 1.53715885e-18
10243.208985805502 1.15115865e-18
10247.8779163361 1.95663475e-18
10252.5468468666 1.8239365e-18
10257.2157773972 2.1051069999999997e-18
10261.8847079277 1.08900295e-18
10266.553638458303 1.3167242e-18
10271.2225689888 8.8433105e-19
10275.891499519399 -6.872946e-20
10280.5604300499 3.0698125e-19
10285.2293605805 -5.146101e-19
10289.898291111 1.3041574999999996e-19
10294.5672216416 9.199257e-19
10299.236152172098 1.4229869e-18
10303.9050827027 1.75038365e-18
10308.5740132332 1.7723916e-18
10313.2429437638 5.6097455e-19
10317.911874294301 1.174073e-18
10322.580804824898 1.3498037999999999e-18
10327.2497353554 1.0414713499999998e-18
10331.918665886 1.0852674e-18
10336.5875964165 2.2458314999999997e-18
10341.256526947 1.2796353499999999e-18
10345.9254574776 6.6192605e-19
10350.594388008101 1.2705566499999999e-18
10355.2633185387 1.44355965e-18
10359.932249069201 1.0925873e-18
10364.6011795998 6.4346199999999995e-19
10369.270110130301 9.6595645e-19
10373.939040660902 1.0208964499999999e-18
10378.6079711914 1.5441297999999999e-18
10383.276901722 1.740845715e-18
10387.9458322525 1.38825305e-18
10392.614762783101 9.804765499999998e-19
10397.2836933136 1.3733755499999998e-18
10401.952623844201 1.7475461e-18
10406.6215543747 1.7717674999999998e-18
10411.290484905301 1.5080276e-18
10415.9594154358 1.23090335e-18
10420.628345966401 1.3509309e-18
10425.297276496902 2.1135558e-18
10429.9662070275 2.226972e-18
10434.635137558 1.789088e-18
10439.3040680886 8.908654499999999e-19
10443.9729986191 5.094148000000001e-19
10448.641929149699 8.372642000000001e-19
10453.3108596802 1.2461558499999998e-18
10457.9797902108 6.780372499999999e-19
10462.6487207413 1.2233664e-18
10467.3176512718 1.6254054999999999e-18
10471.986581802403 1.6965774999999999e-18
10476.6555123329 1.48146e-18
10481.324442863499 1.3914961e-18
10485.993373394 1.3396544999999998e-18
10490.662303924599 1.1673835499999998e-18
10495.331234455103 1.1162892999999999e-18
