   3092.06104       2.48077027E-02
   3096.24976       2.57962439E-02
   3100.44434       2.83460002E-02
   3104.64453       3.56211551E-02
   3108.85034       2.88896859E-02
   3113.06201       1.02160098E-02
   3117.27930       3.19829732E-02
   3121.50244       6.73525259E-02
   3125.73145       5.84623255E-02
   3129.96558      -2.21562255E-02
   3134.20605       4.98939073E-04
   3138.45190       2.66208667E-02
   3142.70386      -7.69219249E-02
   3146.96094     -0.146698073    
   3151.22437       9.65714902E-02
   3155.49341     -0.135528639    
   3159.76831      0.141686678    
   3164.04883      0.117011383    
   3168.33521      -1.31389382E-03
   3172.62744      -4.38631000E-03
   3176.92554      0.177714720    
   3181.22925      0.203619078    
   3185.53906      0.202010989    
   3189.85425     -0.126426920    
   3194.17603       6.74247220E-02
   3198.50293       5.29445335E-02
   3202.83618       6.87066466E-02
   3207.17505      0.230753347    
   3211.51978     -0.218437642    
   3215.87061      0.259230763    
   3220.22729     -0.262228489    
   3224.58984      0.156734154    
   3228.95825       7.50614405E-02
   3233.33228      -1.80897620E-02
   3237.71265      -7.30453283E-02
   3242.09888     -0.486942232    
   3246.49097      0.527921975    
   3250.88916      0.421468168    
   3255.29297      0.138249964    
   3259.70312      0.465498567    
   3264.11914       4.07693572E-02
   3268.54102      0.530306458    
   3272.96924      0.439263433    
   3277.40308      -6.40608296E-02
   3281.84302      0.514783502    
   3286.28906      0.615995049    
   3290.74097      0.890344024    
   3295.19897      0.236482114    
   3299.66309      0.287092209    
   3304.13306      0.491916955    
   3308.60938      0.474469900    
   3313.09180      0.307654798    
   3317.57983      0.662584960    
   3322.07446      0.570202529    
   3326.57495      0.467319518    
   3331.08130      0.159018159    
   3335.59399      0.309500933    
   3340.11279      -5.70326224E-02
   3344.63770      0.397674918    
   3349.16895      0.343127370    
   3353.70605     -0.106846072    
   3358.24927      0.400187194    
   3362.79907       5.86325377E-02
   3367.35449      0.170102984    
   3371.91650      0.449579239    
   3376.48413      0.423190653    
   3381.05859      -7.11565912E-02
   3385.63892      0.490508527    
   3390.22559      0.407364726    
   3394.81836      0.273651749    
   3399.41748      0.439102083    
   3404.02246      0.163589805    
   3408.63403      0.279780358    
   3413.25195       2.09518019E-02
   3417.87573      0.319944471    
   3422.50610      0.264001489    
   3427.14258      0.440656573    
   3431.78540       3.44872326E-02
   3436.43457      0.246586993    
   3441.09009      0.355000585    
   3445.75171      0.288562775    
   3450.41968      -4.49579991E-02
   3455.09399      0.315139771    
   3459.77466      0.298492938    
   3464.46191      0.229844034    
   3469.15503       1.88339464E-02
   3473.85498      0.151352510    
   3478.56104       5.66664673E-02
   3483.27344      -4.62515503E-02
   3487.99219      -2.97515281E-02
   3492.71753      0.159035727    
   3497.44922      0.417091042    
   3502.18701      0.435517907    
   3506.93164       4.07002456E-02
   3511.68286      0.209949791    
   3516.44019      0.365327567    
   3521.20361      0.426570833    
   3525.97412      0.347605020    
   3530.75098      0.292505473    
   3535.53394      0.134706005    
   3540.32373      0.385349125    
   3545.11987      0.631823599    
   3549.92236      0.251893997    
   3554.73169      0.368567705    
   3559.54712      0.388864756    
   3564.36938      0.243388146    
   3569.19824      0.359990776    
   3574.03345      0.369411916    
   3578.87500       6.08732179E-03
   3583.72363      0.353824228    
   3588.57837      0.413409859    
   3593.43994      0.374981165    
   3598.30786      0.268567413    
   3603.18262      0.363443077    
   3608.06396      0.327361137    
   3612.95190      0.192550004    
   3617.84668      0.206054091    
   3622.74756       3.70090529E-02
   3627.65552      0.286409080    
   3632.56982      0.143070325    
   3637.49121      0.371537745    
   3642.41895      0.385470331    
   3647.35327       3.16666365E-02
   3652.29468      0.332978427    
   3657.24243      0.231327623    
   3662.19678      0.318008870    
   3667.15820      0.318340331    
   3672.12622      0.517577827    
   3677.10083      0.391909868    
   3682.08228      0.306920767    
   3687.07031      0.409723610    
   3692.06543      0.270695001    
   3697.06714      0.411528260    
   3702.07544      0.293046057    
   3707.09082      0.105123878    
   3712.11279      0.324119925    
   3717.14185      0.382486731    
   3722.17749      0.481206894    
   3727.21997      0.212996334    
   3732.26929      0.281657487    
   3737.32568      0.417201072    
   3742.38843      0.261787415    
   3747.45850      0.223026335    
   3752.53540       1.54614318E-02
   3757.61865      0.275543213    
   3762.70923      0.415687889    
   3767.80664      0.257621735    
   3772.91113      0.348060191    
   3778.02222      0.235822544    
   3783.14038      0.301953733    
   3788.26562      0.298098505    
   3793.39746      0.241142660    
   3798.53662      0.284349889    
   3803.68262      0.331366718    
   3808.83545      0.435541064    
   3813.99536      0.340910107    
   3819.16235      0.343468636    
   3824.33618      0.474898666    
   3829.51709      0.297021091    
   3834.70508      0.375257313    
   3839.89990      0.501468897    
   3845.10181      0.407833725    
   3850.31104      0.191616148    
   3855.52710      0.313897491    
   3860.75024      0.477090538    
   3865.98047      0.493389308    
   3871.21777      0.269268870    
   3876.46240      0.364883453    
   3881.71387      0.340287954    
   3886.97241      0.180344388    
   3892.23804      0.405678362    
   3897.51099      0.388674468    
   3902.79126      0.507588387    
   3908.07837      0.541233778    
   3913.37256      0.810271382    
   3918.67407      0.427356273    
   3923.98267      0.416340470    
   3929.29883      0.343024611    
   3934.62183      0.365928501    
   3939.95215      0.416728109    
   3945.28955      0.434258282    
   3950.63428      0.472960502    
   3955.98657      0.428134888    
   3961.34546      0.262208670    
   3966.71216      0.509498894    
   3972.08594      0.419298202    
   3977.46704      0.621278465    
   3982.85547      0.419820994    
   3988.25098      0.277079374    
   3993.65405      0.373087823    
   3999.06421      0.536062777    
   4004.48193      0.385750383    
   4009.90698      0.506085992    
   4015.33936      0.466128975    
   4020.77881      0.263856500    
   4026.22583      0.424731493    
   4031.68018      0.530539453    
   4037.14209      0.464144647    
   4042.61108      0.372381568    
   4048.08789      0.468741596    
   4053.57178      0.487689406    
   4059.06348      0.466803282    
   4064.56226      0.491971463    
   4070.06860      0.386001885    
   4075.58228      0.526446939    
   4081.10352      0.439315289    
   4086.63232      0.432368606    
   4092.16846      0.618728876    
   4097.71240      0.474649191    
   4103.26367      0.443203092    
   4108.82227      0.456746548    
   4114.38867      0.377091199    
   4119.96240      0.413405985    
   4125.54395      0.387570560    
   4131.13281      0.475614876    
   4136.72900      0.640953124    
   4142.33350      0.475012273    
   4147.94531      0.385130525    
   4153.56445      0.504804850    
   4159.19141      0.455422729    
   4164.82617      0.599404037    
   4170.46826      0.481334746    
   4176.11816      0.646951199    
   4181.77539      0.568530142    
   4187.44043      0.557503104    
   4193.11328      0.482443839    
   4198.79395      0.586874187    
   4204.48193      0.606946707    
   4210.17773      0.649626553    
   4215.88135      0.736104608    
   4221.59277      0.636881053    
   4227.31201      0.484209746    
   4233.03857      0.443881989    
   4238.77344      0.322832048    
   4244.51562      0.461809069    
   4250.26562      0.591199160    
   4256.02393      0.448870987    
   4261.78955      0.320623338    
   4267.56299      0.546578765    
   4273.34473      0.387338251    
   4279.13379      0.661656141    
   4284.93066      0.727302253    
   4290.73584      0.516269386    
   4296.54834      0.435833156    
   4302.36914      0.560885131    
   4308.19727      0.469743192    
   4314.03369      0.540669322    
   4319.87842      0.667093039    
   4325.72998      0.476032346    
   4331.59033      0.602521658    
   4337.45850      0.503388941    
   4343.33447      0.480667531    
   4349.21875      0.693815291    
   4355.11035      0.825319946    
   4361.01025      0.818496644    
   4366.91846      0.815305471    
   4372.83447      0.832347274    
   4378.75830      0.792718470    
   4384.69043      0.722335577    
   4390.63037      0.763382196    
   4396.57861      0.680109799    
   4402.53467      0.664067745    
   4408.49902      0.799607337    
   4414.47119       1.03610718    
   4420.45166      0.940438449    
   4426.43994      0.971868992    
   4432.43652      0.839290380    
   4438.44141      0.945131123    
   4444.45410      0.994332910    
   4450.47510      0.747567892    
   4456.50439       1.00429273    
   4462.54150      0.930214286    
   4468.58691       1.04396808    
   4474.64062      0.976433098    
   4480.70264      0.964608848    
   4486.77295      0.712333083    
   4492.85107      0.895873368    
   4498.93750       1.15967488    
   4505.03223      0.943687797    
   4511.13525       1.04908729    
   4517.24658       1.11104453    
   4523.36621       1.08584797    
   4529.49414       1.09005451    
   4535.63086       1.05261898    
   4541.77490       1.07844579    
   4547.92773       1.15454292    
   4554.08887       1.11218548    
   4560.25830      0.979529142    
   4566.43652       1.03547537    
   4572.62256       1.12326682    
   4578.81738       1.04597437    
   4585.02002       1.09929383    
   4591.23145       1.02774799    
   4597.45117      0.993910730    
   4603.67969      0.930134535    
   4609.91650      0.782459795    
   4616.16162      0.930503607    
   4622.41504      0.886189878    
   4628.67725      0.828825593    
   4634.94775      0.696895957    
   4641.22705      0.785350919    
   4647.51416      0.918499470    
   4653.81055       1.02702141    
   4660.11523       1.03256047    
   4666.42822      0.920221210    
   4672.75000      0.858658969    
   4679.08008      0.848118603    
   4685.41943       1.00445199    
   4691.76660       1.03151023    
   4698.12256      0.920586765    
   4704.48730      0.922516525    
   4710.86035      0.904532373    
   4717.24219      0.885905921    
   4723.63281      0.870723426    
   4730.03223      0.932595313    
   4736.43994       1.00094688    
   4742.85645      0.893962026    
   4749.28174      0.901799202    
   4755.71582       1.00747025    
   4762.15820      0.928816974    
   4768.60986      0.991252065    
   4775.06982       1.04449975    
   4781.53857      0.860361099    
   4788.01660      0.982860327    
   4794.50293      0.937583864    
   4800.99805       1.03312695    
   4807.50195       1.08081675    
   4814.01514       1.03613305    
   4820.53662      0.986695468    
   4827.06689      0.970149934    
   4833.60645      0.877824187    
   4840.15479       1.16804886    
   4846.71143       1.09791934    
   4853.27734       1.15834236    
   4859.85205       1.09923458    
   4866.43604      0.945206940    
   4873.02881      0.988289356    
   4879.63037      0.944036067    
   4886.24072       1.16713536    
   4892.86035      0.939158559    
   4899.48877       1.04562664    
   4906.12598      0.738655984    
   4912.77246      0.932404280    
   4919.42773      0.868479311    
   4926.09229      0.897301853    
   4932.76611      0.923802853    
   4939.44873      0.997722030    
   4946.14014      0.910151780    
   4952.84082      0.894148648    
   4959.55029      0.866332233    
   4966.26953      0.986048281    
   4972.99707      0.932063103    
   4979.73389      0.917817712    
   4986.47998      0.989541352    
   4993.23535      0.892279387    
   5000.00000      0.912172675    
   5006.77344      0.936587512    
   5013.55664      0.833680093    
   5020.34863      0.851466715    
   5027.14941      0.870139420    
   5033.95996      0.798585236    
   5040.77979      0.965366721    
   5047.60791      0.963190734    
   5054.44629      0.930298984    
   5061.29395      0.818716705    
   5068.15039      0.871696413    
   5075.01660      0.954424858    
   5081.89209       1.11164105    
   5088.77637       1.04511416    
   5095.67041       1.07134330    
   5102.57324       1.15240836    
   5109.48584       1.06879675    
   5116.40771       1.09187984    
   5123.33936       1.08703077    
   5130.27979       1.01576340    
   5137.22949       1.16742945    
   5144.18896       1.27877235    
   5151.15820       1.18556285    
   5158.13672       1.38073361    
   5165.12451       1.39029264    
   5172.12158       1.43608761    
   5179.12842       1.36333871    
   5186.14453       1.38411641    
   5193.17041       1.42897320    
   5200.20557       1.52280450    
   5207.25049       1.72608340    
   5214.30469       1.50879920    
   5221.36914       1.54116893    
   5228.44238       1.70060956    
   5235.52539       1.54600465    
   5242.61816       1.79303241    
   5249.72070       1.64043069    
   5256.83203       1.68946457    
   5263.95361       1.57062602    
   5271.08496       1.52425885    
   5278.22607       1.40372074    
   5285.37646       1.33906305    
   5292.53662       1.35700154    
   5299.70654       1.26704562    
   5306.88574       1.46940982    
   5314.07520       1.23134339    
   5321.27441       1.18786585    
   5328.48340       1.07797551    
   5335.70166       1.21469140    
   5342.93066       1.21977639    
   5350.16846       1.22128594    
   5357.41650       1.14719474    
   5364.67432       1.04941022    
   5371.94189       1.06492221    
   5379.21973       1.32008731    
   5386.50684       1.05187011    
   5393.80420       1.00523853    
   5401.11133       1.20251751    
   5408.42822       1.18660331    
   5415.75488       1.05440390    
   5423.09180       1.16895592    
   5430.43848       1.03321111    
   5437.79541       1.18167210    
   5445.16211       1.18314278    
   5452.53857       1.16909754    
   5459.92529       1.27985549    
   5467.32178       1.25372648    
   5474.72900       1.12543309    
   5482.14551       1.20676506    
   5489.57227       1.06830502    
   5497.00928      0.999118626    
   5504.45557       1.07206821    
   5511.91260       1.23030484    
   5519.37988       1.29610860    
   5526.85742       1.30464244    
   5534.34473       1.23578393    
   5541.84180       1.27504420    
   5549.34961       1.28147447    
   5556.86768       1.36484230    
   5564.39600       1.18139923    
   5571.93408       1.29304433    
   5579.48242      0.959923446    
   5587.04102       1.34813762    
   5594.60986       1.39132857    
   5602.18848       1.34748328    
   5609.77832       1.53457630    
   5617.37793       1.38878036    
   5624.98828       1.47751236    
   5632.60791       1.56423736    
   5640.23828       1.26693141    
   5647.87988       1.36536241    
   5655.53076       1.49407756    
   5663.19238       1.49353087    
   5670.86475       1.22869682    
   5678.54688       1.01727188    
   5686.23975       1.12205327    
   5693.94287       1.08549225    
   5701.65674       1.11642075    
   5709.38086       1.07474673    
   5717.11621       1.17394853    
   5724.86084       1.07591546    
   5732.61621      0.997150064    
   5740.38281      0.956471801    
   5748.15918      0.993988335    
   5755.94580       1.03802419    
   5763.74414       1.08383334    
   5771.55225       1.08850133    
   5779.37061       1.06204152    
   5787.20020       1.18347383    
   5795.04004       1.05839539    
   5802.89111       1.08109820    
   5810.75244      0.999651432    
   5818.62451      0.893641651    
   5826.50684       1.01526773    
   5834.39990       1.12511826    
   5842.30420      0.833899856    
   5850.21875       1.02984750    
   5858.14404      0.945111871    
   5866.08057       1.06516290    
   5874.02783       1.01034296    
   5881.98486       1.23627901    
   5889.95361       1.13018250    
   5897.93262       1.10684371    
   5905.92285       1.11727262    
   5913.92334       1.13450444    
   5921.93555       1.33075154    
   5929.95752       1.10910833    
   5937.99121       1.20729899    
   5946.03516       1.23813760    
   5954.09082       1.29877925    
   5962.15674       1.23273242    
   5970.23389       1.17829454    
   5978.32227       1.30403650    
   5986.42090       1.38978744    
   5994.53076       1.38465500    
   6002.65137       1.29305506    
   6010.78320       1.50913954    
   6018.92627       1.23919511    
   6027.08057       1.48561823    
   6035.24561       1.38864553    
   6043.42139       1.36890686    
   6051.60889       1.44900906    
   6059.80713       1.44240022    
   6068.01611       1.57059586    
   6076.23682       1.42917156    
   6084.46826       1.57586372    
   6092.71094       1.54545379    
   6100.96533       1.53398752    
   6109.22998       1.58793163    
   6117.50684       1.57492518    
   6125.79395       1.62529898    
   6134.09277       1.69087327    
   6142.40283       1.51859534    
   6150.72363       1.83226728    
   6159.05664       1.69817042    
   6167.39990       1.67130303    
   6175.75537       1.68021894    
   6184.12158       1.85469496    
   6192.49951       1.73860824    
   6200.88818       1.70407021    
   6209.28955       1.82708931    
   6217.70068       1.87451744    
   6226.12402       2.09566259    
   6234.55859       2.00725842    
   6243.00488       2.14937568    
   6251.46289       2.02325010    
   6259.93115       2.00767207    
   6268.41211       2.12663531    
   6276.90381       2.17073202    
   6285.40771       2.14015913    
   6293.92188       2.56966805    
   6302.44873       1.03319132    
   6310.98682       1.83716035    
   6319.53662       2.01419044    
   6328.09766       1.84362888    
   6336.67041       1.93555284    
   6345.25488       1.75871933    
   6353.85107       1.84395838    
   6362.45850       1.42173874    
   6371.07812       1.63863814    
   6379.70850       1.64136064    
   6388.35156       1.50818610    
   6397.00635       1.40446007    
   6405.67236       1.46536779    
   6414.35010       1.43911982    
   6423.04004       1.39566290    
   6431.74121       1.42512167    
   6440.45459       1.47079241    
   6449.17969       1.58113074    
   6457.91650       1.46014524    
   6466.66455       1.28581989    
   6475.42529       1.46342266    
   6484.19775       1.33347380    
   6492.98193       1.40850031    
   6501.77832       1.52164185    
   6510.58594       1.41528964    
   6519.40625       1.51771104    
   6528.23828       1.57176507    
   6537.08203       1.36241674    
   6545.93848       1.64644957    
   6554.80566       1.62747383    
   6563.68604       1.67524660    
   6572.57812       1.84834397    
   6581.48242       1.67217422    
   6590.39795       1.76811314    
   6599.32617       1.88853729    
   6608.26660       1.94329524    
   6617.21875       1.92466867    
   6626.18359       1.88121521    
   6635.15967       1.93058145    
   6644.14893       1.86826897    
   6653.14990       1.78706586    
   6662.16260       1.73008347    
   6671.18799       1.80322647    
   6680.22559       1.66643751    
   6689.27539       1.62867475    
   6698.33789       1.69230270    
   6707.41211       1.62487268    
   6716.49854       1.46168900    
   6725.59717       1.38884807    
   6734.70850       1.40915990    
   6743.83203       1.41354656    
   6752.96826       1.28519166    
   6762.11670       1.20690775    
   6771.27783       1.29925668    
   6780.45117       1.24531257    
   6789.63672       1.31893754    
   6798.83496       1.26648283    
   6808.04492       1.28486800    
   6817.26807       1.26849687    
   6826.50342       1.23634279    
   6835.75146       1.20038748    
   6845.01172       1.32476616    
   6854.28516       1.29649413    
   6863.57031       1.26232970    
   6872.86914       1.36843109    
   6882.18018       1.37745428    
   6891.50342       1.37013233    
   6900.83984       1.19144142    
   6910.18799       1.36232185    
   6919.54980       1.30912900    
   6928.92334       1.30288064    
   6938.31006       1.41853142    
   6947.70947       1.21262312    
   6957.12207       1.29563522    
   6966.54688       1.23151577    
   6975.98438       1.28754747    
   6985.43506       1.39373219    
   6994.89844       1.24249887    
   7004.37402       1.33602071    
   7013.86328       1.43660498    
   7023.36475       1.38622940    
   7032.88037       1.39325869    
   7042.40723       1.28105509    
   7051.94824       1.21027732    
   7061.50098       1.30785644    
   7071.06787       1.30296457    
   7080.64746       1.06601334    
   7090.23975       1.13078141    
   7099.84473       1.25241280    
   7109.46338       1.23834491    
   7119.09473       1.15179837    
   7128.73877       1.10517538    
   7138.39648       1.19981968    
   7148.06689       1.16581917    
   7157.75049       1.11504912    
   7167.44678       1.24899518    
   7177.15723       1.31201530    
   7186.87939       1.27378607    
   7196.61670       1.29665685    
   7206.36523       1.30964828    
   7216.12793       1.36656535    
   7225.90381       1.34332407    
   7235.69336       1.54377186    
   7245.49512       1.42108202    
   7255.31104       1.52315688    
   7265.13965       1.84086025    
   7274.98242       1.42097676    
   7284.83789       1.68183053    
   7294.70654       1.56509268    
   7304.58936       1.56699169    
   7314.48486       1.84758639    
   7324.39404       1.90534568    
   7334.31641       1.71853113    
   7344.25244       1.81518924    
   7354.20166       1.97904027    
   7364.16455       1.87756109    
   7374.14062       1.86403394    
   7384.13086       1.87427962    
   7394.13379       1.86265028    
   7404.15137       1.96089387    
   7414.18115       1.88890409    
   7424.22559       2.11509919    
   7434.28369       2.00989914    
   7444.35498       1.72008681    
   7454.43945       1.60693908    
   7464.53857       1.73271096    
   7474.65088       1.57293713    
   7484.77686       1.56665897    
   7494.91748       1.42434764    
   7505.07080       1.37003839    
   7515.23779       1.36044860    
   7525.41846       1.33088470    
   7535.61377       1.31268167    
   7545.82227       1.28306663    
   7556.04492       1.18164396    
   7566.28076       1.13605869    
   7576.53125       1.15961528    
   7586.79492       1.06683242    
   7597.07324      0.764172316    
   7607.36475       1.09835017    
   7617.67090       1.09117889    
   7627.99023       1.02507222    
   7638.32471       1.25786793    
   7648.67188       1.06392825    
   7659.03418       1.09187925    
   7669.40967       1.03919339    
   7679.79980       1.08298588    
   7690.20312      0.848181009    
   7700.62207       1.02611232    
   7711.05469      0.772216260    
   7721.50049       1.02776539    
   7731.96143      0.849893272    
   7742.43555       1.15316951    
   7752.92480      0.761197746    
   7763.42773       1.06672883    
   7773.94531       1.08774936    
   7784.47607       1.09807110    
   7795.02197      0.926847517    
   7805.58154       1.13942611    
   7816.15674       1.02618086    
   7826.74512      0.985489070    
   7837.34863      0.862736881    
   7847.96533      0.922884941    
   7858.59766      0.974436402    
   7869.24316      0.799252689    
   7879.90430       1.02525413    
   7890.57910      0.973429799    
   7901.26904       1.00371110    
   7911.97217      0.939489126    
   7922.69092      0.843412697    
   7933.42432      0.938236535    
   7944.17188      0.945149899    
   7954.93408       1.15923357    
   7965.71094      0.785171866    
   7976.50293      0.802950859    
   7987.30811      0.850754857    
   7998.12891      0.860271633    
   8008.96338      0.980060816    
   8019.81396      0.976897240    
   8030.67822      0.971723855    
   8041.55762       1.11661136    
   8052.45166       1.09724975    
   8063.36035       1.04594362    
   8074.28369       1.02092719    
   8085.22266      0.989643872    
   8096.17529       1.17844510    
   8107.14355       1.14036727    
   8118.12646       1.22549129    
   8129.12451       1.07229865    
   8140.13672       1.10430050    
   8151.16455       1.11661661    
   8162.20703       1.13675606    
   8173.26465       1.17084849    
   8184.33740       1.18622208    
   8195.42480       1.19105172    
   8206.52734       1.11607826    
   8217.64453       1.16881502    
   8228.77734       1.11065245    
   8239.92480       1.23516524    
   8251.08789       1.22480965    
   8262.26562       1.30550432    
   8273.45898       1.29407263    
   8284.66699       1.17143202    
   8295.89062      0.990680873    
   8307.12891       1.28410399    
   8318.38281       1.26453018    
   8329.65234       1.16057360    
   8340.93652       1.20483959    
   8352.23535       1.28480101    
   8363.55078       1.34149754    
   8374.88086       1.08265567    
   8386.22656       1.52965605    
   8397.58789       1.14989662    
   8408.96387       1.40904653    
   8420.35645       1.41012180    
   8431.76270       1.01123023    
   8443.18652       1.59633350    
   8454.62402       1.69467854    
   8466.07812       1.05382836    
   8477.54688       1.29733872    
   8489.03223       1.27252483    
   8500.53125       1.39582813    
   8512.04785       1.35758579    
   8523.57910       1.27539682    
   8535.12598       1.29016685    
   8546.68848       1.25106645    
   8558.26758       1.15531290    
   8569.86133       1.26513314    
   8581.47168       1.26457036    
   8593.09570       1.14901733    
   8604.73828       1.28678048    
   8616.39453       1.25288928    
   8628.06738       1.14577746    
   8639.75586       1.10820293    
   8651.45996       1.08316159    
   8663.18164       1.09254241    
   8674.91699       1.34833181    
   8686.66992       1.36615694    
   8698.43750       1.31134582    
   8710.22168       1.52342820    
   8722.02051       1.49956834    
   8733.83789       1.47236168    
   8745.66895       1.51182032    
   8757.51758       1.68219602    
   8769.38086       1.54666436    
   8781.26074       1.34821296    
   8793.15723       1.34761059    
   8805.06934       1.53091049    
   8816.99707       1.64275575    
   8828.94238       1.01624906    
   8840.90234       1.27237499    
   8852.87988       1.34289491    
   8864.87207       1.27687681    
   8876.88281       1.68225002    
   8888.90723       1.11863112    
   8900.95020       1.24391222    
   8913.00879      0.842812598    
   8925.08301       1.16403830    
   8937.17480       1.25910890    
   8949.28125       1.07054353    
   8961.40527      0.808281600    
   8973.54590       1.10200226    
   8985.70215      0.804131389    
   8997.87500       1.00837719    
   9010.06543       1.06163502    
   9022.27051      0.947436213    
   9034.49316      0.967791617    
   9046.73242       1.28798854    
   9058.98828       1.01276410    
   9071.26074      0.882752419    
   9083.54980       1.00268471    
   9095.85547      0.887276053    
   9108.17773      0.979906857    
   9120.51660       1.01510143    
   9132.87305      0.977644265    
   9145.24512      0.877680838    
   9157.63477      0.893785179    
   9170.04004      0.911534190    
   9182.46289      0.968096316    
   9194.90332      0.953206003    
   9207.35938      0.970651448    
   9219.83398      0.958641946    
   9232.32324      0.835951388    
   9244.83105      0.840757310    
   9257.35449      0.825392127    
   9269.89648      0.706518471    
   9282.45410      0.594273925    
   9295.02930      0.819849432    
   9307.62012     -0.654622972    
   9320.23047      0.970667303    
   9332.85645      0.538155973    
   9345.50000      0.651367962    
   9358.16016      0.749286771    
   9370.83887       1.13612437    
   9383.53223      0.867646039    
   9396.24512      0.953717828    
   9408.97363       1.24370646    
   9421.72070      0.922768056    
   9434.48438       9.72416326E-02
   9447.26562       1.09997559    
   9460.06445      0.546024144    
   9472.87988      0.982379794    
   9485.71289      0.851075053    
   9498.56348       1.25730991    
   9511.43164       1.35979629    
   9524.31641       1.07678771    
   9537.21973       1.24897110    
   9550.13965       1.15511978    
   9563.07812       1.13450336    
   9576.03320       1.22345448    
   9589.00586       1.20210302    
   9601.99609       1.22218132    
   9615.00391       1.33524048    
   9628.02930       1.25356603    
   9641.07324       1.31415176    
   9654.13379       1.30170631    
   9667.21289       1.32157838    
   9680.30859       1.31410885    
   9693.42285       1.35561490    
   9706.55469       1.45753372    
   9719.70410       1.38507807    
   9732.87305       1.41181529    
   9746.05762       1.39726734    
   9759.26074       1.41843724    
   9772.48145       1.43360865    
   9785.72168       1.43437827    
   9798.97754       1.42616177    
   9812.25293       1.44427788    
   9825.54492       1.45873213    
   9838.85645       1.46977842    
   9852.18457       1.47159970    
   9865.53223       1.47528863    
   9878.89648       1.49135625    
   9892.28027       1.48700833    
   9905.68066       1.50280392    
   9919.10059       1.50461161    
   9932.53809       1.51759005    
   9945.99414       1.51818299    
   9959.46777       1.52344787    
   9972.96094       1.52857614    
   9986.47070       1.53279161    
