# Template No.           2: sn1994I (Ic-norm; +0) ; z= 0.039 +/- 0.004
#redshifted_wavelength[A] flux[arbitraty]
   3729.06958      0.119844064    
   3734.12134      0.121990465    
   3739.17993      0.124294728    
   3744.24561      0.126842856    
   3749.31787      0.129699767    
   3754.39722      0.132889450    
   3759.48364      0.136383101    
   3764.57642      0.140099540    
   3769.67651      0.143919393    
   3774.78320      0.147710085    
   3779.89722      0.151355684    
   3785.01782      0.154783323    
   3790.14551      0.157978207    
   3795.28027      0.160981625    
   3800.42163      0.163870931    
   3805.57007      0.166725665    
   3810.72559      0.169588611    
   3815.88818      0.172433421    
   3821.05762      0.175148800    
   3826.23413      0.177547187    
   3831.41724      0.179397836    
   3836.60791      0.180479094    
   3841.80566      0.180636629    
   3847.01001      0.179833427    
   3852.22168      0.178176343    
   3857.44019      0.175910175    
   3862.66626      0.173378095    
   3867.89893      0.170955613    
   3873.13892      0.168973371    
   3878.38574      0.167648777    
   3883.64014      0.167044505    
   3888.90112      0.167066306    
   3894.16968      0.167502597    
   3899.44531      0.168098569    
   3904.72754      0.168646634    
   3910.01758      0.169071153    
   3915.31445      0.169484958    
   3920.61890      0.170202225    
   3925.92993      0.171701983    
   3931.24854      0.174550265    
   3936.57446      0.179298535    
   3941.90723      0.186382189    
   3947.24756      0.196044460    
   3952.59497      0.208302587    
   3957.94946      0.222964332    
   3963.31152      0.239688143    
   3968.68066      0.258070320    
   3974.05713      0.277735621    
   3979.44092      0.298405796    
   3984.83203      0.319930136    
   3990.23022      0.342268676    
   3995.63574      0.365436047    
   4001.04883      0.389421344    
   4006.46924      0.414108306    
   4011.89673      0.439220101    
   4017.33179      0.464304894    
   4022.77417      0.488769948    
   4028.22412      0.511956871    
   4033.68115      0.533240557    
   4039.14551      0.552128613    
   4044.61719      0.568335950    
   4050.09668      0.581817865    
   4055.58374      0.592752635    
   4061.07788      0.601482093    
   4066.57935      0.608422160    
   4072.08838      0.613969624    
   4077.60474      0.618425548    
   4083.12891      0.621952415    
   4088.66040      0.624574006    
   4094.19946      0.626209915    
   4099.74561      0.626736164    
   4105.29980      0.626047075    
   4110.86133      0.624103427    
   4116.43018      0.620952070    
   4122.00684      0.616712511    
   4127.59131      0.611536980    
   4133.18311      0.605557919    
   4138.78223      0.598841369    
   4144.38916      0.591362119    
   4150.00391      0.583010793    
   4155.62549      0.573634267    
   4161.25537      0.563099623    
   4166.89307      0.551365852    
   4172.53809      0.538542509    
   4178.19043      0.524920702    
   4183.85059      0.510963559    
   4189.51855      0.497257680    
   4195.19434      0.484434664    
   4200.87744      0.473079145    
   4206.56836      0.463644803    
   4212.26709      0.456396103    
   4217.97363      0.451385230    
   4223.68799      0.448465377    
   4229.40967      0.447340250    
   4235.13916      0.447630793    
   4240.87695      0.448945582    
   4246.62207      0.450939357    
   4252.37500      0.453348905    
   4258.13574      0.456003487    
   4263.90430      0.458812565    
   4269.68066      0.461740196    
   4275.46484      0.464774251    
   4281.25684      0.467900485    
   4287.05713      0.471086621    
   4292.86475      0.474277049    
   4298.68018      0.477397621    
   4304.50391      0.480364084    
   4310.33545      0.483092189    
   4316.17432      0.485505581    
   4322.02197      0.487542778    
   4327.87695      0.489163756    
   4333.74023      0.490358979    
   4339.61133      0.491160542    
   4345.48975      0.491654962    
   4351.37695      0.491991788    
   4357.27148      0.492382973    
   4363.17480      0.493087679    
   4369.08545      0.494379878    
   4375.00439      0.496500313    
   4380.93115      0.499601543    
   4386.86621      0.503696561    
   4392.80908      0.508624315    
   4398.76025      0.514043868    
   4404.71924      0.519461393    
   4410.68652      0.524289668    
   4416.66162      0.527931154    
   4422.64502      0.529866338    
   4428.63672      0.529733658    
   4434.63623      0.527379930    
   4440.64404      0.522876382    
   4446.65967      0.516493976    
   4452.68359      0.508647442    
   4458.71631      0.499821842    
   4464.75635      0.490498960    
   4470.80469      0.481098145    
   4476.86133      0.471944422    
   4482.92627      0.463265628    
   4488.99951      0.455215067    
   4495.08008      0.447906584    
   4501.16992      0.441451967    
   4507.26807      0.435986042    
   4513.37402      0.431673259    
   4519.48877      0.428695709    
   4525.61084      0.427228063    
   4531.74170      0.427409023    
   4537.88135      0.429322779    
   4544.02881      0.432994068    
   4550.18457      0.438405097    
   4556.34912      0.445526779    
   4562.52148      0.454355896    
   4568.70264      0.464946598    
   4574.89160      0.477423728    
   4581.08984      0.491971016    
   4587.29541      0.508794069    
   4593.51025      0.528063595    
   4599.73291      0.549853265    
   4605.96436      0.574085772    
   4612.20410      0.600504041    
   4618.45215      0.628673434    
   4624.70898      0.658020735    
   4630.97461      0.687899649    
   4637.24805      0.717671812    
   4643.52979      0.746785581    
   4649.82080      0.774836063    
   4656.12012      0.801594555    
   4662.42773      0.827001393    
   4668.74414      0.851128638    
   4675.06885      0.874119639    
   4681.40186      0.896121383    
   4687.74414      0.917226374    
   4694.09473      0.937436044    
   4700.45361      0.956650317    
   4706.82178      0.974681139    
   4713.19873      0.991286278    
   4719.58301       1.00621045    
   4725.97705       1.01922381    
   4732.37939       1.03014958    
   4738.79004       1.03887451    
   4745.21045       1.04534769    
   4751.63867       1.04956555    
   4758.07568       1.05155385    
   4764.52148       1.05134881    
   4770.97607       1.04898393    
   4777.43896       1.04447806    
   4783.91162       1.03782594    
   4790.39258       1.02898967    
   4796.88232       1.01789105    
   4803.38037       1.00440633    
   4809.88770      0.988372266    
   4816.40381      0.969608545    
   4822.92871      0.947962761    
   4829.46191      0.923375964    
   4836.00488      0.895961404    
   4842.55664      0.866080046    
   4849.11670      0.834392369    
   4855.68604      0.801862538    
   4862.26367      0.769704044    
   4868.85156      0.739260793    
   4875.44727      0.711838305    
   4882.05176      0.688512266    
   4888.66553      0.669954658    
   4895.28809      0.656316578    
   4901.91992      0.647199690    
   4908.56055      0.641732216    
   4915.21094      0.638739824    
   4921.86914      0.636979997    
   4928.53711      0.635391474    
   4935.21387      0.633303821    
   4941.89990      0.630561113    
   4948.59424      0.627529979    
   4955.29883      0.624991596    
   4962.01172      0.623946011    
   4968.73340      0.625372946    
   4975.46533      0.630009711    
   4982.20557      0.638195276    
   4988.95459      0.649813116    
   4995.71338      0.664340913    
   5002.48145      0.680982053    
   5009.25830      0.698839903    
   5016.04443      0.717082083    
   5022.83984      0.735051513    
   5029.64453      0.752299249    
   5036.45801      0.768539250    
   5043.28076      0.783550560    
   5050.11279      0.797067463    
   5056.95459      0.808703780    
   5063.80566      0.817943573    
   5070.66553      0.824210405    
   5077.53467      0.826999903    
   5084.41357      0.826040506    
   5091.30127      0.821430802    
   5098.19824      0.813710690    
   5105.10498      0.803834081    
   5112.02100      0.793043077    
   5118.94629      0.782667041    
   5125.88135      0.773893476    
   5132.82568      0.767568469    
   5139.77930      0.764073312    
   5146.74219      0.763307869    
   5153.71436      0.764781952    
   5160.69678      0.767785132    
   5167.68750      0.771589518    
   5174.68799      0.775629640    
   5181.69824      0.779614866    
   5188.71826      0.783549190    
   5195.74756      0.787662923    
   5202.78613      0.792280674    
   5209.83496      0.797675252    
   5216.89307      0.803952873    
   5223.95996      0.811003208    
   5231.03711      0.818528652    
   5238.12402      0.826142967    
   5245.21924      0.833508492    
   5252.32568      0.840466976    
   5259.44141      0.847127259    
   5266.56592      0.853880167    
   5273.70117      0.861339033    
   5280.84570      0.870219290    
   5287.99951      0.881194592    
   5295.16357      0.894766152    
   5302.33643      0.911180317    
   5309.51953      0.930411696    
   5316.71240      0.952210963    
   5323.91553      0.976197541    
   5331.12793       1.00196505    
   5338.34961       1.02916682    
   5345.58154       1.05755842    
   5352.82373       1.08698761    
   5360.07520       1.11733997    
   5367.33691       1.14846063    
   5374.60791       1.18008316    
   5381.88867       1.21178699    
   5389.17969       1.24300098    
   5396.48047       1.27305293    
   5403.79102       1.30125022    
   5411.11182       1.32697463    
   5418.44238       1.34976137    
   5425.78320       1.36935043    
   5433.13330       1.38569784    
   5440.49365       1.39895105    
   5447.86426       1.40940285    
   5455.24463       1.41743839    
   5462.63428       1.42348886    
   5470.03467       1.42800486    
   5477.44531       1.43144453    
   5484.86621       1.43427122    
   5492.29639       1.43695128    
   5499.73682       1.43994057    
   5507.18750       1.44365644    
   5514.64795       1.44843841    
   5522.11865       1.45450711    
   5529.59961       1.46193349    
   5537.09082       1.47063053    
   5544.59180       1.48036969    
   5552.10400       1.49082637    
   5559.62500       1.50163245    
   5567.15674       1.51243258    
   5574.69873       1.52292120    
   5582.25098       1.53285158    
   5589.81348       1.54201984    
   5597.38623       1.55022717    
   5604.96924       1.55723560    
   5612.56250       1.56274068    
   5620.16553       1.56636906    
   5627.77930       1.56771302    
   5635.40332       1.56639671    
   5643.03760       1.56215942    
   5650.68262       1.55493581    
   5658.33740       1.54491305    
   5666.00293       1.53254330    
   5673.67871       1.51850820    
   5681.36475       1.50363445    
   5689.06201       1.48878169    
   5696.76904       1.47471738    
   5704.48633       1.46201074    
   5712.21436       1.45096028    
   5719.95215       1.44157255    
   5727.70117       1.43358803    
   5735.46094       1.42654979    
   5743.23145       1.41989613    
   5751.01172       1.41305494    
   5758.80225       1.40552461    
   5766.60400       1.39692521    
   5774.41650       1.38701463    
   5782.23926       1.37567663    
   5790.07275       1.36288333    
   5797.91650       1.34864235    
   5805.77100       1.33295631    
   5813.63623       1.31580079    
   5821.51172       1.29713202    
   5829.39844       1.27692020    
   5837.29541       1.25520909    
   5845.20410       1.23218608    
   5853.12158       1.20825112    
   5861.05078       1.18406332    
   5868.99170       1.16055238    
   5876.94189       1.13888144    
   5884.90381       1.12035906    
   5892.87646       1.10630357    
   5900.85938       1.09787512    
   5908.85352       1.09590256    
   5916.85791       1.10073078    
   5924.87402       1.11212027    
   5932.90039       1.12922549    
   5940.93848       1.15066123    
   5948.98633       1.17465973    
   5957.04541       1.19929373    
   5965.11621       1.22273445    
   5973.19678       1.24349689    
   5981.28857       1.26062894    
   5989.39209       1.27380550    
   5997.50586       1.28330874    
   6005.63037       1.28989673    
   6013.76611       1.29458821    
   6021.91309       1.29840744    
   6030.07129       1.30214715    
   6038.24072       1.30619597    
   6046.42090       1.31047428    
   6054.61182       1.31448448    
   6062.81396       1.31746745    
   6071.02783       1.31861913    
   6079.25195       1.31731892    
   6087.48779       1.31330979    
   6095.73486       1.30678594    
   6103.99316       1.29836881    
   6112.26172       1.28897870    
   6120.54248       1.27963543    
   6128.83398       1.27124166    
   6137.13672       1.26440537    
   6145.45068       1.25934458    
   6153.77637       1.25589883    
   6162.11230       1.25363779    
   6170.46094       1.25203538    
   6178.81982       1.25065577    
   6187.19043       1.24929667    
   6195.57227       1.24804807    
   6203.96582       1.24724758    
   6212.37061       1.24734187    
   6220.78662       1.24869466    
   6229.21387       1.25139320    
   6237.65234       1.25511336    
   6246.10254       1.25908029    
   6254.56445       1.26214588    
   6263.03809       1.26296556    
   6271.52246       1.26023710    
   6280.01855       1.25294018    
   6288.52637       1.24052608    
   6297.04590       1.22300887    
   6305.57617       1.20094788    
   6314.11865       1.17533076    
   6322.67236       1.14739501    
   6331.23779       1.11843956    
   6339.81543       1.08967221    
   6348.40332       1.06212807    
   6357.00439       1.03666401    
   6365.61572       1.01401377    
   6374.23975      0.994867384    
   6382.87500      0.979928792    
   6391.52148      0.969921768    
   6400.18066      0.965525389    
   6408.85059      0.967252016    
   6417.53320      0.975301147    
   6426.22705      0.989434600    
   6434.93311       1.00892663    
   6443.64990       1.03261578    
   6452.38037       1.05906427    
   6461.12061       1.08679092    
   6469.87402       1.11453378    
   6478.63867       1.14147198    
   6487.41553       1.16734838    
   6496.20459       1.19245672    
   6505.00439       1.21748710    
   6513.81738       1.24326599    
   6522.64160       1.27045071    
   6531.47852       1.29925883    
   6540.32568       1.32930362    
   6549.18652       1.35957897    
   6558.05908       1.38861287    
   6566.94336       1.41474438    
   6575.83984       1.43647170    
   6584.74805       1.45277798    
   6593.66846       1.46335959    
   6602.60107       1.46870053    
   6611.54590       1.46997333    
   6620.50293       1.46879065    
   6629.47119       1.46687245    
   6638.45264       1.46570265    
   6647.44629       1.46626425    
   6656.45117       1.46890593    
   6665.46875       1.47336984    
   6674.49902       1.47896016    
   6683.54102       1.48480475    
   6692.59521       1.49013281    
   6701.66211       1.49449968    
   6710.74072       1.49789882    
   6719.83154       1.50073731    
   6728.93506       1.50369036    
   6738.05078       1.50747454    
   6747.17920       1.51260924    
   6756.31982       1.51922798    
   6765.47217       1.52699053    
   6774.63770       1.53511846    
   6783.81592       1.54254162    
   6793.00586       1.54811811    
   6802.20898       1.55086839    
   6811.42334       1.55017006    
   6820.65137       1.54586637    
   6829.89160       1.53826845    
   6839.14453       1.52806091    
   6848.40869       1.51613700    
   6857.68652       1.50341046    
   6866.97705       1.49065137    
   6876.27979       1.47837448    
   6885.59570       1.46680403    
   6894.92285       1.45590949    
   6904.26416       1.44548929    
   6913.61768       1.43527830    
   6922.98291       1.42504346    
   6932.36182       1.41465044    
   6941.75342       1.40408647    
   6951.15723       1.39344049    
   6960.57471       1.38285577    
   6970.00391       1.37246752    
   6979.44629       1.36234283    
   6988.90088       1.35243690    
   6998.36914       1.34257221    
   7007.84961       1.33244526    
   7017.34375       1.32165778    
   7026.85010       1.30977547    
   7036.37012       1.29640186    
   7045.90283       1.28127122    
   7055.44775       1.26433635    
   7065.00635       1.24584782    
   7074.57666       1.22639632    
   7084.16064       1.20690525    
   7093.75781       1.18855679    
   7103.36768       1.17265201    
   7112.99072       1.16041815    
   7122.62695       1.15279484    
   7132.27588       1.15023923    
   7141.93848       1.15259719    
   7151.61426       1.15907681    
   7161.30225       1.16833687    
   7171.00439       1.17868900    
   7180.71875       1.18837094    
   7190.44678       1.19584060    
   7200.18750       1.20002544    
   7209.94141       1.20047319    
   7219.70898       1.19737637    
   7229.49023       1.19146943    
   7239.28369       1.18383086    
   7249.09082       1.17564559    
   7258.91162       1.16798937    
   7268.74561       1.16168165    
   7278.59180       1.15723693    
   7288.45264       1.15490627    
   7298.32617       1.15477562    
   7308.21436       1.15687191    
   7318.11426       1.16122782    
   7328.02881       1.16787660    
   7337.95557       1.17677546    
   7347.89697       1.18768525    
   7357.85156       1.20006144    
   7367.81934       1.21300483    
   7377.80029       1.22531891    
   7387.79541       1.23567760    
   7397.80371       1.24287689    
   7407.82568       1.24611235    
   7417.86133       1.24520266    
   7427.91016       1.24069178    
   7437.97314       1.23378873    
   7448.04883       1.22614312    
   7458.13965       1.21950901    
   7468.24219       1.21537197    
   7478.36084       1.21463716    
   7488.49121       1.21745944    
   7498.63574       1.22325528    
   7508.79443       1.23089564    
   7518.96729       1.23902261    
   7529.15283       1.24640512    
   7539.35303       1.25223529    
   7549.56641       1.25629032    
   7559.79443       1.25891900    
   7570.03564       1.26086533    
   7580.29102       1.26298380    
   7590.56055       1.26592994    
   7600.84326       1.26991165    
   7611.14062       1.27456665    
   7621.45117       1.27899373    
   7631.77637       1.28191984    
   7642.11523       1.28195667    
   7652.46826       1.27787352    
   7662.83447       1.26882327    
   7673.21582       1.25447798    
   7683.61084       1.23505652    
   7694.02051       1.21126354    
   7704.44287       1.18417203    
   7714.88037       1.15509045    
   7725.33252       1.12544239    
   7735.79785       1.09666908    
   7746.27734       1.07014835    
   7756.77148       1.04711282    
   7767.27979       1.02855039    
   7777.80225       1.01508987    
   7788.33984       1.00688958    
   7798.89062       1.00356424    
   7809.45557       1.00419438    
   7820.03516       1.00744414    
   7830.62939       1.01179326    
   7841.23779       1.01584888    
   7851.86035       1.01867497    
   7862.49707       1.02005684    
   7873.14893       1.02062416    
   7883.81445       1.02178407    
   7894.49512       1.02546203    
   7905.18945       1.03369737    
   7915.89893       1.04818583    
   7926.62256       1.06987691    
   7937.36133       1.09872377    
   7948.11377       1.13364983    
   7958.88184       1.17273879    
   7969.66357       1.21359527    
   7980.46045       1.25378704    
   7991.27100       1.29125655    
   8002.09766       1.32460642    
   8012.93896       1.35320270    
   8023.79346       1.37709248    
   8034.66406       1.39678407    
   8045.54834       1.41296923    
   8056.44824       1.42627466    
   8067.36230       1.43710959    
   8078.29150       1.44563758    
   8089.23438       1.45185161    
   8100.19336       1.45570016    
   8111.16650       1.45719707    
   8122.15576       1.45645785    
   8133.15869       1.45363605    
   8144.17725       1.44878054    
   8155.20947       1.44166505    
   8166.25781       1.43166125    
   8177.32031       1.41772497    
   8188.39893       1.39852631    
   8199.49121       1.37271214    
   8210.59961       1.33924675    
   8221.72168       1.29773891    
   8232.86035       1.24866140    
   8244.01367       1.19339335    
   8255.18262       1.13405764    
   8266.36621       1.07318461    
   8277.56445       1.01327968    
   8288.77930      0.956400990    
   8300.00781      0.903851032    
   8311.25195      0.856056631    
   8322.51074      0.812659621    
   8333.78613      0.772783816    
   8345.07520      0.735398710    
   8356.38086      0.699679554    
   8367.70117      0.665266812    
   8379.03711      0.632360399    
   8390.38770      0.601636052    
   8401.75488      0.574017346    
   8413.13672      0.550375223    
   8424.53418      0.531246424    
   8435.94727      0.516648293    
   8447.37598      0.506040215    
   8458.81934      0.498442143    
   8470.27832      0.492671877    
   8481.75391      0.487642705    
   8493.24414      0.482644290    
   8504.75000      0.477537155    
   8516.27148      0.472818792    
   8527.80859      0.469549268    
   8539.36133      0.469152033    
   8550.92969      0.473140985    
   8562.51367      0.482825696    
   8574.11426      0.499058157    
   8585.72949      0.522067368    
   8597.36133      0.551411510    
   8609.00781      0.586053133    
   8620.67090      0.624546707    
   8632.34863      0.665297031    
   8644.04395      0.706845820    
   8655.75391      0.748126924    
   8667.48047      0.788643360    
   8679.22168      0.828522682    
   8690.97949      0.868436754    
   8702.75391      0.909393549    
   8714.54297      0.952443600    
   8726.34961      0.998358309    
   8738.17090       1.04735696    
   8750.00977       1.09894764    
   8761.86230       1.15193081    
   8773.73340       1.20457101    
   8785.61816       1.25490546    
   8797.52148       1.30112255    
   8809.43848       1.34191501    
   8821.37402       1.37672532    
   8833.32324       1.40581238    
   8845.29004       1.43012667    
   8857.27344       1.45102036    
   8869.27246       1.46986783    
   8881.28711       1.48769999    
   8893.31934       1.50494182    
   8905.36719       1.52133000    
   8917.43262       1.53601789    
   8929.51172       1.54784119    
   8941.60938       1.55565929    
   8953.72266       1.55867589    
   8965.85254       1.55664647    
   8977.99805       1.54991925    
   8990.16016       1.53930867    
   9002.34082       1.52584553    
   9014.53613       1.51049054    
   9026.74902       1.49390292    
   9038.97754       1.47633731    
   9051.22266       1.45769680    
   9063.48340       1.43772089    
   9075.76367       1.41624045    
   9088.05762       1.39340866    
   9100.37012       1.36982250    
   9112.69824       1.34648347    
   9125.04297       1.32459342    
   9137.40527       1.30523932    
   9149.78320       1.28905463    
   9162.17871       1.27595758    
   9174.59082       1.26505578    
   9187.01953       1.25475943    
   9199.46582       1.24309003    
   9211.92773       1.22812533    
   9224.40820       1.20847356    
   9236.90332       1.18367314    
   9249.41797       1.15441442    
   9261.94922       1.12253439    
   9274.49609       1.09077048    
   9287.06055       1.06232131    
   9299.64160       1.04029143    
   9312.24023       1.02712405    
   9324.85547       1.02412438    
   9337.48828       1.03115892    
   9350.13770       1.04659235    
   9362.80566       1.06748199    
   9375.48828       1.09001493    
   9388.18945       1.11013091    
   9400.90723       1.12423944    
   9413.64355       1.12991488    
   9426.39648       1.12643600    
   9439.16602       1.11504877    
   9451.95410       1.09885943    
   9464.75879       1.08232832    
   9477.58008       1.07041049    
   9490.42090       1.06747210    
   9503.27734       1.07618856    
   9516.15137       1.09666085    
   9529.04297       1.12598157    
   9541.95215       1.15840387    
   9554.87988       1.18615711    
   9567.82324       1.20080185    
   9580.78613       1.19488335    
   9593.76465       1.16354656    
   9606.76172       1.10575056    
   9619.77539       1.02478731    
   9632.80859      0.927940547    
   9645.85742      0.825317323    
   9658.92480      0.728065908    
   9672.00879      0.646353245    
   9685.11328      0.587532580    
